3	36549
3	231
3	36551
3	10759
3	174
3	463
3	51
3	118
3	11900
3	14334
4	4
4	179
4	8326
4	9
4	8336
4	59566
4	3228
4	59552
4	59554
4	1393
4	171
4	174
4	59567
4	59568
4	8370
4	51
4	196
4	36551
4	201
4	78
4	32981
4	93
4	231
4	2024
4	112
4	41457
4	118
7	174
7	118
9	174
9	118
10	174
10	118
32780	34647
28674	28662
81935	17973
81937	78909
81923	17973
81945	17973
30	452
30	174
30	527
30	9011
30	118
30	1527
30	505
30	4250
30	604
30	5277
8730	8496
28678	28662
80561	78909
17757	3385
51	174
51	29652
51	118
51	121
32777	34940
24007	786
76	174
76	118
77	174
78	174
78	118
81999	17973
84	3228
89	174
89	118
92	174
92	118
94	611
95	174
4112	17184
4112	641
4112	39719
100	17184
100	174
100	118
103	14334
104	354
104	7075
104	714
104	3213
104	208
104	29489
106	174
106	118
110	15452
111	174
111	118
112	36551
112	231
112	174
112	118
112	3228
8305	3117
53469	807
116	36551
116	10759
116	231
116	174
116	118
116	15452
8309	28662
118	10752
118	10753
118	10754
118	10755
118	10756
118	10757
118	10758
118	10759
118	10760
118	10761
118	10763
118	33292
118	10765
118	10766
118	527
118	540
118	547
118	2106
118	10762
118	33293
118	33294
118	604
118	2659
118	10343
118	10349
118	119
118	121
118	10366
118	8326
118	8327
118	8334
118	10389
118	4250
118	3228
118	8352
118	170
118	171
118	172
118	174
118	178
118	179
118	181
118	182
118	183
118	184
118	186
118	188
118	189
118	190
118	191
118	193
118	10443
118	196
118	197
118	198
118	200
118	201
118	203
118	204
118	207
118	208
118	210
118	723
118	5753
118	231
118	744
118	233
118	251
118	256
118	23304
118	1289
118	276
118	306
118	9011
118	1895
118	389
118	8601
118	15263
118	1959
118	5033
118	78250
118	452
118	52169
118	29660
118	478
118	5611
118	10226
118	505
118	510
119	36551
119	174
119	231
121	161
121	174
123	1384
123	425
123	3117
123	498
123	33785
123	15452
124	208
124	14875
124	11900
124	14334
125	11687
125	142
125	527
125	15889
125	532
125	10808
125	1050
125	954
126	2100
126	11900
126	14334
126	11638
127	2100
127	11900
127	14334
128	11900
128	3117
128	14334
129	17184
129	8325
129	3213
129	527
129	2100
129	30107
129	11900
129	14334
130	5905
130	30107
130	11900
130	14334
131	36551
131	11900
131	14334
131	231
133	22028
133	3213
133	527
133	208
133	2100
133	532
133	11900
133	14334
8326	3228
8326	174
8327	174
136	208
138	3904
138	1384
138	425
138	3117
138	787
138	15452
138	3647
140	3904
140	505
140	1063
140	425
140	151
140	3117
140	787
140	34647
140	19097
140	15452
8334	174
143	3904
143	419
143	3862
143	1063
143	1384
143	425
143	151
143	1230
143	15452
143	3272
143	787
143	2100
143	334
143	33686
143	1367
143	33241
143	764
144	17184
144	42056
144	3117
144	208
144	2100
144	34647
144	11900
144	14334
146	3303
146	14027
146	1230
146	2100
146	15766
146	14334
8339	6627
8339	4036
8339	8325
8339	11430
8339	8619
8339	3759
8339	1233
8339	8052
8339	10261
8339	8340
8339	3215
8339	3228
8339	8629
148	3904
148	17184
148	9011
148	1063
148	1384
148	425
148	1393
148	787
148	505
148	15452
82069	17973
151	5483
151	439
151	8129
151	392
151	33673
151	14474
151	33678
151	14480
151	29457
151	787
151	33685
151	19097
151	14873
151	30107
151	5533
151	7838
151	33695
151	5024
151	8612
151	1063
151	15452
151	7471
151	8325
151	3697
151	4703
151	29755
151	5905
151	3850
151	2879
151	3904
151	33729
151	33730
151	4163
151	33734
151	14027
151	5580
151	1230
151	1363
151	1622
151	14040
151	6106
151	10715
151	28252
151	17184
151	425
151	9315
151	5477
151	2023
151	1384
151	3945
151	9322
151	5287
151	15724
151	1393
151	34771
151	33781
151	28279
151	3704
151	761
151	5336
151	35093
152	3904
152	642
152	2100
152	3117
8345	3228
8346	3228
155	14334
156	14875
8352	3228
8352	174
8354	3228
8355	42056
8355	9315
8355	2100
8355	1061
8355	3351
82084	82552
82084	80389
82084	80382
67596	67584
170	174
171	174
172	3228
172	174
8365	3228
8365	2100
8365	10245
174	10752
174	10753
174	10754
174	10755
174	10756
174	10757
174	10758
174	10759
174	10760
174	10761
174	10763
174	10764
174	10765
174	10766
174	10767
174	540
174	547
174	2106
174	10762
174	33294
174	527
174	604
174	2659
174	10343
174	10349
174	5753
174	10366
174	10389
174	4250
174	3228
174	178
174	179
174	181
174	182
174	183
174	184
174	186
174	188
174	189
174	190
174	191
174	193
174	10443
174	196
174	197
174	198
174	200
174	201
174	203
174	204
174	207
174	210
174	723
174	231
174	744
174	233
174	251
174	256
174	276
174	306
174	9045
174	1895
174	389
174	8601
174	40870
174	1959
174	5033
174	8626
174	452
174	29660
174	478
174	479
174	5611
174	10226
174	1527
174	505
174	510
8367	42056
31432	1399
181	3228
8375	17184
8375	3303
187	78559
194	40870
195	36669
196	36551
196	231
8391	8718
8391	8722
8391	2073
8391	8731
8391	542
8391	8746
8391	8749
8391	8754
8391	8969
8391	8761
8391	8764
8391	8971
8391	8775
8391	8776
8391	8777
8391	8778
8391	8779
8391	8780
8391	8781
8391	8782
8391	8783
8391	8784
8391	8786
8391	8787
8391	8788
8391	8789
8391	8790
8391	8975
8391	8976
8391	8977
8391	8978
8391	1135
8391	8979
8391	8980
8391	1149
8391	1150
8391	8981
8391	8982
8391	8972
8391	8983
8391	8984
8391	8985
8391	3228
8391	8986
8391	8376
8391	8380
8391	8388
8391	8391
8391	8392
8391	8393
8391	8394
8391	8395
8391	8396
8391	8397
8391	8398
8391	8399
8391	8400
8391	8401
8391	8402
8391	8403
8391	8404
8391	8405
8391	8406
8391	8407
8391	8408
8391	8409
8391	8410
8391	8411
8391	8412
8391	8413
8391	8414
8391	8415
8391	8416
8391	8417
8391	8418
8391	8419
8391	8420
8391	8421
8391	8422
8391	8423
8391	8424
8391	8425
8391	8426
8391	8427
8391	8428
8391	8430
8391	8431
8391	8432
8391	8433
8391	8434
8391	8435
8391	8436
8391	8437
8391	8438
8391	8439
8391	8440
8391	8441
8391	8442
8391	8443
8391	8444
8391	8445
8391	8446
8391	8447
8391	8448
8391	8449
8391	8450
8391	8451
8391	8452
8391	8453
8391	8454
8391	8455
8391	8456
8391	8457
8391	8459
8391	8460
8391	8461
8391	8462
8391	8463
8391	8464
8391	8465
8391	8466
8391	8467
8391	8468
8391	8469
8391	8470
8391	8471
8391	8472
8391	8473
8391	8474
8391	8475
8391	8476
8391	8477
8391	8478
8391	8479
8391	8480
8391	8481
8391	8482
8391	8483
8391	8484
8391	8485
8391	8486
8391	8487
8391	8488
8391	8489
8391	8490
8391	8491
8391	8492
8391	8493
8391	8494
8391	8495
8391	8496
8391	8497
8391	8498
8391	8499
8391	8500
8391	8501
8391	8502
8391	8503
8391	8504
8391	8505
8391	8506
8391	8507
8391	8508
8391	8509
8391	8510
8391	8511
8391	8512
8391	8513
8391	8514
8391	8515
8391	8516
8391	8517
8391	8518
8391	8519
8391	8520
8391	8521
8391	8522
8391	8523
8391	8524
8391	8525
8391	8526
8391	8527
8391	8528
8391	8529
8391	8530
8391	8531
8391	8532
8391	8534
8391	8535
8391	8536
8391	8537
8391	8538
8391	8539
8391	8540
8391	8541
8391	8542
8391	8543
8391	8545
8391	8546
8391	8547
8391	8548
8391	8549
8391	8550
8391	8551
8391	8552
8391	8553
8391	8554
8391	8555
8391	8556
8391	8557
8391	8558
8391	8559
8391	8560
8391	8561
8391	8562
8391	8563
8391	8564
8391	8565
8391	8566
8391	8568
8391	8569
8391	8570
8391	8571
8391	8572
8391	8573
8391	8574
8391	8575
8391	8576
8391	8577
8391	8578
8391	8579
8391	8936
8391	5359
8391	1964
8391	8931
8391	8644
8391	8645
8391	8646
8391	8647
8391	8672
8391	8677
8391	8687
8394	8496
8394	8969
203	208
8397	8419
8397	8969
8397	8496
8397	8786
8397	8376
8397	3228
8397	542
8398	8969
8398	8965
208	11904
208	432
208	514
208	13315
208	14598
208	11785
208	791
208	59916
208	142
208	527
208	11794
208	4739
208	20503
208	920
208	19610
208	11676
208	11678
208	1313
208	1187
208	29220
208	5041
208	1200
208	23048
208	14515
208	1204
208	13364
208	954
208	29371
208	29373
208	318
208	4544
208	52801
208	450
208	11843
208	758
208	4554
208	28749
208	28750
208	208
208	17106
208	5454
208	342
208	599
208	8310
208	11739
208	15452
208	15283
208	783
208	356
208	9318
208	78226
208	29678
208	52592
208	13544
208	245
208	4091
208	11901
208	14334
8401	8969
8403	8496
8403	8969
8403	3228
8404	8496
8404	8969
8406	8969
8407	8496
8407	8969
216	3228
217	3117
8410	8496
8410	8969
39631	786
8412	8969
8413	8969
8414	8419
8414	8388
8414	8969
8414	8496
8414	8786
8414	8376
8414	3228
8414	542
8415	8496
8416	8496
8416	8969
8417	8496
8417	8969
8418	8496
8418	8969
8419	8780
8419	8982
8419	8969
8419	8983
8419	8985
8419	8931
8419	8718
8419	8976
8419	8977
8419	8722
8419	8979
8419	8980
8419	8981
8419	8470
8419	8687
8419	8984
8419	8644
8419	8474
8419	8431
8419	3228
8419	8986
8419	542
8419	8781
8419	8480
8419	8731
8419	8746
8419	8647
8419	8749
8419	8496
8419	8776
8419	8754
8419	8777
8419	8376
8419	8505
8419	8380
8419	8388
8419	8645
8419	8646
8419	8392
8419	8393
8419	8778
8419	8779
8419	8396
8419	8526
8419	8527
8419	8784
8419	8786
8419	8787
8419	8782
8419	8761
8419	8783
8419	8540
8419	8541
8419	8672
8419	8419
8419	8677
8419	8775
8419	8427
8419	8978
8419	1135
8419	8435
8419	8566
8419	8441
8419	1149
8419	8789
8420	8969
8421	8969
8422	8969
231	8601
231	646
231	36550
231	36551
231	10389
231	3228
231	255
8424	8969
233	3228
8426	8969
8427	8388
8427	8965
8427	8969
8427	8496
8427	8786
8427	8376
8427	3228
8427	542
8428	8496
8428	8969
8429	8496
8430	8496
8430	8969
8431	8965
8431	8652
8431	8396
8431	23917
8431	8496
8431	8786
8431	26421
8431	8969
8431	8376
8431	20666
8431	3228
8431	542
8432	8969
8433	8969
242	14875
8435	8965
8435	8969
8435	8496
8435	8786
8435	8376
8435	3228
8435	542
244	14334
245	3117
246	40351
8439	8496
8439	8969
248	248
249	14334
8442	8496
8442	8969
8442	8388
8444	8496
8444	8969
8444	8388
8445	8969
254	10759
255	36551
255	15452
8449	8496
8449	8969
8450	8969
8451	8969
260	11671
261	3904
261	1384
261	425
261	3117
261	787
261	15452
262	14875
8455	8496
8455	8969
34652	34651
8457	8969
8457	8388
266	34647
39639	786
8460	8496
8460	8969
8461	8969
8462	8969
49679	807
8464	8496
8464	8969
8464	8388
8465	8969
8466	8969
8467	8496
8467	8969
8469	8496
8469	8969
8470	8388
8470	8969
8470	8496
8470	8786
8470	8376
8470	3228
8470	542
39641	39831
280	14027
8473	8969
8474	8969
8474	8786
8474	8376
8474	542
8475	8496
8475	8969
8476	8496
8476	8969
8477	8496
8477	8969
8478	8496
8478	8969
8479	8496
8479	8969
8480	8388
8480	8969
8480	8496
8480	8786
8480	8376
8480	542
8481	8496
8481	8969
8481	8388
8482	8969
8483	8496
8483	8969
8485	8496
8485	8969
8485	36478
8486	8496
8486	8969
8487	8496
8487	8388
8488	8496
8488	8969
8488	8388
8489	8969
8490	8496
8490	8969
33067	505
33067	3647
8492	8969
8493	8496
8493	8969
8494	8496
8494	8969
8494	8388
8495	8496
8495	8969
8495	8388
8496	8704
8496	8705
8496	8706
8496	8707
8496	8708
8496	8709
8496	8710
8496	8711
8496	8712
8496	8713
8496	8714
8496	8715
8496	8716
8496	8717
8496	8718
8496	8719
8496	8720
8496	8721
8496	8722
8496	8723
8496	8724
8496	8725
8496	8726
8496	8727
8496	8728
8496	2073
8496	8731
8496	8732
8496	8733
8496	542
8496	8735
8496	8736
8496	8737
8496	8738
8496	8739
8496	8740
8496	8741
8496	8742
8496	8743
8496	8744
8496	8745
8496	8746
8496	8747
8496	8748
8496	8749
8496	8750
8496	8751
8496	8752
8496	8753
8496	8754
8496	8755
8496	8756
8496	8757
8496	8758
8496	8759
8496	8760
8496	8761
8496	8762
8496	8763
8496	1135
8496	1149
8496	1150
8496	8729
8496	8734
8496	8376
8496	8388
8496	8392
8496	8393
8496	8395
8496	8396
8496	8405
8496	8408
8496	8411
8496	8423
8496	8434
8496	8436
8496	8437
8496	8440
8496	8441
8496	8443
8496	8446
8496	8447
8496	8448
8496	8452
8496	8453
8496	8454
8496	8969
8496	8468
8496	8471
8496	8472
8496	5928
8496	8496
8496	8497
8496	8503
8496	8504
8496	8505
8496	8506
8496	8511
8496	8512
8496	8513
8496	8515
8496	8518
8496	8520
8496	8521
8496	8522
8496	8523
8496	8525
8496	8526
8496	8527
8496	8528
8496	8530
8496	8531
8496	8532
8496	8534
8496	8535
8496	8536
8496	8537
8496	8539
8496	8541
8496	8546
8496	8548
8496	8549
8496	8550
8496	8551
8496	8553
8496	8554
8496	8555
8496	8557
8496	8558
8496	8559
8496	8563
8496	8564
8496	8566
8496	8567
8496	8568
8496	8569
8496	8570
8496	8572
8496	8573
8496	8576
8496	5359
8496	1964
8496	8644
8496	8645
8496	8646
8496	8650
8496	8652
8496	8654
8496	8656
8496	8658
8496	8659
8496	8662
8496	8665
8496	8666
8496	8667
8496	8668
8496	8671
8496	8672
8496	8673
8496	8677
8496	8681
8496	8683
8496	8685
8496	8698
8496	8699
8496	8700
8496	8701
8496	8702
8496	8703
8497	8969
306	3228
8499	8969
8499	8388
8500	8969
8501	8969
8502	8969
40382	28435
8504	8969
8505	8388
8505	8969
8505	8786
8505	8376
8505	3228
8505	542
8506	8969
8506	8388
8507	8969
8508	8969
8509	8969
318	1622
8511	8969
8511	8388
8512	8969
8513	8969
8514	8969
8515	8969
8516	8969
8517	8969
8518	8969
8519	8969
8520	8969
33097	3117
8522	8969
8523	8969
8524	8969
333	40870
8527	8969
8527	8396
8527	8786
8527	8376
8527	3228
8527	542
8528	8969
8528	8388
8529	8969
8530	8969
8530	542
8531	8969
8531	8388
340	3385
342	78294
8535	8969
8536	8969
8537	8969
8538	8969
347	3385
8540	8969
8540	8786
8540	8388
8541	544
8541	8388
8541	8965
8541	8969
8541	8786
8541	8376
8541	3228
8541	542
8542	8969
8543	8969
8545	8969
354	12515
354	19495
354	4589
354	335
354	4722
354	4468
354	2556
8549	8969
8468	8969
8468	8388
8551	8969
360	498
360	2246
8553	8969
8554	8969
8555	8969
8556	8969
8557	8969
8557	8388
8558	8969
8559	8969
8560	8969
8561	8969
8562	8969
8563	8969
40384	28435
8565	8969
8566	8969
8566	8786
8566	8376
8566	3228
8566	542
8568	8969
8569	8969
78301	78294
33147	3213
8572	8969
8573	8969
8573	8388
382	14875
382	11900
382	14334
383	68320
383	68262
383	11784
383	27529
383	3213
383	68242
383	11667
383	17973
383	68311
383	68216
383	14714
383	68219
383	68250
383	14334
8576	8969
8576	8388
8577	8969
8578	8969
8579	8969
388	15452
393	17184
393	6017
393	15452
393	558
393	3647
8588	6627
8588	34647
8588	3228
8588	3303
8592	3228
8594	5905
8594	6627
8601	36551
82333	80382
416	14334
419	17184
419	1384
419	2100
419	34647
419	954
419	40351
8612	17184
8612	6627
8612	134
8612	33734
8612	5287
8612	457
8612	1002
8612	1230
8612	5905
8612	9315
421	78397
423	5753
8616	6627
8616	3228
8616	1063
425	1412
425	134
425	5905
425	917
425	9011
425	17184
425	1063
425	5290
425	563
425	437
425	444
425	446
425	3904
425	450
425	29128
425	2259
425	4564
425	15452
425	17635
425	1384
425	7463
425	498
425	1272
425	34425
425	14334
8619	17184
8619	6627
8619	3228
8619	3029
8619	34940
33196	505
33196	3647
429	29457
429	9322
432	11900
432	14334
8625	3228
8626	3228
435	14480
435	14027
435	2100
436	29457
437	3904
437	17184
437	1384
437	3213
437	3117
437	1393
437	787
8632	5205
8633	3228
442	14027
442	2100
444	3904
444	1384
444	489
444	3117
444	498
444	787
444	2100
445	14334
446	1384
446	17184
446	787
446	1063
447	17184
447	14875
448	641
448	1384
448	914
448	558
448	498
448	851
448	508
33217	14875
450	3904
450	1384
450	3117
450	787
450	15452
452	604
452	580
452	9011
452	10759
452	540
452	954
452	11695
452	2289
452	26387
452	532
452	2262
452	804
452	5688
452	505
452	2106
452	527
452	4508
452	4250
8645	8786
8645	8376
8645	3228
8645	542
454	14875
8647	8786
8647	8376
8647	3228
8647	542
456	47936
456	11522
456	3204
456	17292
456	4110
456	7698
456	15766
456	3351
456	7838
456	17184
456	5282
456	1061
456	3750
456	1063
456	2986
456	3756
456	5296
456	5304
456	3008
456	5313
456	5314
456	15817
456	3447
456	930
456	3303
456	1399
456	17914
456	5290
457	77473
457	5314
457	3204
457	52645
457	1230
457	5905
457	498
457	28755
457	2100
457	19097
457	14334
457	8325
8650	8388
8652	8452
8652	8388
8653	8388
8654	8388
463	36548
463	36549
463	29869
463	468
463	471
463	2105
463	29082
8656	8388
8657	8388
466	3385
33235	4508
468	2105
468	36549
8662	8388
471	2105
471	36549
8664	8388
8666	8388
79	9888
79	5205
476	17184
8672	8388
8672	542
8673	8388
482	489
8675	8388
8676	8388
8677	8388
8677	8786
8677	8376
8677	542
8678	8388
8679	8388
8680	8388
489	768
489	769
489	515
489	519
489	914
489	531
489	674
489	679
489	554
489	942
489	566
489	823
489	954
489	702
489	713
489	842
489	851
489	854
489	857
489	730
489	864
489	612
489	615
489	491
489	750
489	498
489	499
489	628
489	632
489	762
489	508
489	895
490	807
490	15452
490	1063
491	611
491	740
491	773
491	774
491	914
491	498
491	851
491	12377
491	1561
491	508
491	733
492	22028
492	2262
493	15452
8686	8388
495	663
498	642
498	76421
498	518
498	40845
498	142
498	786
498	28435
498	76439
498	4250
498	40347
498	76444
498	76446
498	76422
498	5005
498	76459
498	3117
498	816
498	2100
498	11702
498	28727
498	954
498	714
498	4428
498	19535
498	851
498	599
498	40416
498	1384
498	40554
498	914
498	616
498	52722
498	787
498	76413
8691	15766
8691	3303
501	914
501	851
501	508
505	4309
505	899
505	645
505	22023
505	5640
505	748
505	527
505	21521
505	5166
505	663
505	917
505	4250
505	4507
505	4252
505	4509
505	5411
505	548
505	549
505	5900
505	4508
505	5162
505	669
505	563
505	5688
505	7484
505	3648
505	29124
505	581
505	29127
505	3017
505	1612
505	3666
505	2259
505	1493
505	38234
505	604
505	3180
505	4333
505	6006
505	4215
505	532
505	78843
505	764
505	765
505	766
505	3583
508	1538
508	1539
508	1541
508	518
508	519
508	1545
508	1546
508	1548
508	1550
508	1552
508	531
508	538
508	545
508	1066
508	1067
508	1068
508	1582
508	1071
508	1586
508	1076
508	1589
508	1078
508	1079
508	572
508	864
508	598
508	600
508	603
508	607
508	611
508	616
508	617
508	623
508	624
508	625
508	628
508	2169
508	634
508	641
508	642
508	663
508	673
508	674
508	679
508	686
508	690
508	693
508	708
508	713
508	714
508	720
508	722
508	726
508	730
508	733
508	735
508	742
508	756
508	762
508	775
508	1295
508	786
508	1300
508	1070
508	1306
508	1310
508	1315
508	5412
508	1317
508	1318
508	807
508	1325
508	1328
508	817
508	1334
508	823
508	1336
508	825
508	835
508	1360
508	851
508	1364
508	854
508	856
508	1376
508	889
508	558
508	905
508	914
508	927
508	928
508	936
508	1492
508	982
508	985
508	508
508	509
509	914
509	851
509	10759
510	9011
78851	963
515	835
518	1063
519	17184
519	928
519	1063
519	3351
519	914
519	851
519	2100
519	854
519	1079
519	641
49674	3108
33292	36669
33293	36669
527	10759
527	13320
527	532
527	11671
527	4250
527	14875
527	4508
527	1050
527	11679
527	17184
527	804
527	11686
527	14631
527	540
527	135
527	11695
527	9011
527	2100
527	5688
527	954
527	78397
527	1225
527	4554
527	70476
527	1233
527	2137
527	78236
527	604
527	550
527	1959
527	1277
527	2289
527	33785
527	1530
527	11900
527	14334
8722	8969
8722	8786
531	914
531	851
531	733
532	10759
532	135
532	22028
532	954
532	2100
532	4250
532	11671
532	1050
532	4751
532	2238
28387	558
538	914
538	851
538	854
538	1063
8731	8786
540	544
540	78395
540	667
540	1226
540	580
540	1199
540	5277
540	1233
540	9011
540	5358
540	5688
540	2137
540	2106
540	4508
540	1245
542	8965
542	8969
542	8388
542	3228
542	542
542	8376
542	8380
542	8644
542	8646
542	8396
542	8526
542	8788
542	8786
542	1135
542	8441
542	1149
544	20740
544	22028
544	26382
544	26682
544	4503
544	3228
544	26411
544	26413
544	20701
544	9011
544	26677
544	5688
544	2106
544	580
544	20726
544	1352
544	20681
544	20690
544	21459
544	2262
544	21464
544	20827
544	1884
544	20666
544	1888
544	23394
544	1891
544	24168
544	745
544	21098
544	4333
544	954
544	723
544	20748
545	17184
545	1079
545	558
545	1063
546	1050
547	954
549	1891
549	4508
549	4333
550	580
550	10759
550	26382
550	2262
550	954
556	14334
8749	8969
8749	8786
558	5379
558	726
558	17286
558	6017
558	1548
558	1550
558	5613
558	1552
558	742
558	28946
558	28307
558	28308
558	28309
558	7644
558	919
558	3480
558	641
558	3354
558	1185
558	1062
558	1063
558	3932
558	28231
558	10668
558	5293
558	17327
558	1586
558	611
558	854
558	28215
558	2104
558	628
558	786
558	995
558	714
558	914
558	1336
558	28224
558	28228
558	28229
558	2886
558	3425
558	10184
558	2249
558	28362
558	8173
558	28236
558	28278
558	5198
558	1230
558	28881
558	28243
558	1364
558	28245
558	4310
558	825
558	20440
558	28223
558	2396
558	28385
558	28388
558	28454
558	3430
558	849
558	28392
558	746
558	3331
558	3474
558	6006
558	851
558	4468
558	28662
558	28279
558	3704
558	28244
558	789
558	27583
558	19454
558	28437
82479	80382
82480	80382
82481	80382
82482	80382
563	1063
563	1384
563	787
563	5688
563	34425
563	3647
564	34425
565	2100
568	3904
569	5598
572	641
572	1393
572	914
572	851
572	1622
575	611
32901	9011
580	5345
580	1411
580	20965
580	22028
580	26382
580	9010
580	1891
580	723
580	1241
580	10940
580	22461
580	24019
581	17184
581	34425
581	3647
581	5688
582	854
8775	8969
8775	8786
8776	8969
8776	8786
49737	3233
49737	17973
49737	3213
8778	8969
8778	8786
82507	17973
8780	8969
8780	8786
78308	78294
8782	8969
8782	8786
8783	8786
592	807
8786	8982
8786	8931
8786	8718
8786	8976
8786	8977
8786	8979
8786	8980
8786	8981
8786	8983
8786	8984
8786	8985
8786	3228
8786	8986
8786	8781
8786	8746
8786	8754
8786	8777
8786	8376
8786	8380
8786	8644
8786	8646
8786	8392
8786	8393
8786	8779
8786	8396
8786	8526
8786	8787
8786	8761
8786	8978
8786	1135
8786	8441
8786	1149
8786	8789
8787	8969
597	3647
600	17184
600	641
600	914
600	851
600	2100
603	5688
603	914
603	851
604	2051
604	2638
604	804
604	4250
604	78331
604	47325
27571	34647
607	641
607	1063
611	36481
611	52742
611	34450
611	52761
611	154
611	4785
611	28722
611	3678
611	914
611	40388
611	851
611	27485
611	618
611	5613
611	52722
611	5236
611	630
611	33785
612	680
612	961
616	641
616	17860
616	914
616	851
617	914
617	851
617	1063
82023	78909
622	17184
622	6627
622	3303
622	2100
622	15766
622	35960
623	914
623	851
623	733
624	914
624	851
624	40870
624	1063
625	40870
625	40563
625	914
625	851
625	854
625	733
8659	8388
628	6017
628	5380
628	5381
628	774
628	641
628	10250
628	3863
628	1548
628	4623
628	19985
628	786
628	10259
628	17175
628	28440
628	4280
628	17317
628	1062
628	1063
628	17193
628	1586
628	2482
628	4979
628	3382
628	3697
628	1336
628	1593
628	919
628	5293
628	914
628	18241
628	5580
628	5197
628	4558
628	719
628	3281
628	3283
628	3284
628	5198
628	854
628	851
628	7644
628	3293
628	17265
628	4961
628	3298
628	742
628	3303
628	3307
628	3948
628	8173
628	3312
628	3057
628	3923
628	3701
628	4857
628	6781
629	786
80661	80340
641	45572
641	1541
641	10250
641	1548
641	4623
641	1552
641	19985
641	10259
641	1062
641	1063
641	1066
641	1068
641	1586
641	2100
641	3127
641	1593
641	4163
641	2117
641	5197
641	5198
641	596
641	4696
641	3600
641	20587
641	3697
641	3701
641	40568
641	2170
641	6781
641	641
641	3714
641	3722
641	17175
641	663
641	87207
641	28331
641	5293
641	693
641	4280
641	87160
641	4287
641	714
641	719
641	3281
641	3283
641	3284
641	726
641	86233
641	3293
641	3298
641	742
641	3303
641	3307
641	3312
641	4857
641	5380
641	5381
641	774
641	11528
641	3854
641	86288
641	786
641	1070
641	3863
641	17184
641	7458
641	17193
641	3885
641	733
641	3382
641	1336
641	825
641	2879
641	18241
641	86338
641	86343
641	3923
641	1364
641	854
641	2397
641	1375
641	4961
641	86371
641	3941
641	86378
641	3948
641	17265
641	4978
641	4979
641	5492
641	15742
641	6017
641	86251
641	914
641	1939
641	15766
641	919
641	927
641	17317
641	40870
641	87025
641	2482
641	86969
641	5580
641	4558
641	3029
641	985
641	7644
641	6627
641	8170
641	8173
641	3057
641	851
641	4088
642	12514
642	714
642	4428
642	786
642	4688
642	851
642	6006
642	914
643	15820
643	15452
646	36551
41612	5316
82575	80295
656	17184
656	3904
656	1384
656	11900
656	5905
656	2100
656	15452
656	14334
82581	17973
663	905
663	2316
663	914
663	919
663	4254
663	4259
663	1063
663	2100
663	3141
663	1548
663	851
663	4309
663	854
663	2397
663	4326
663	1911
663	762
663	764
41625	1872
667	761
15130	14334
82590	78909
673	914
673	851
674	914
674	851
679	1761
679	914
679	851
679	733
82603	80295
82605	3213
686	914
686	851
686	3647
17077	3231
695	15452
17080	17184
700	15452
28789	1516
28789	7075
28789	1364
28789	5853
708	807
708	3303
708	914
708	851
708	15766
708	1063
708	733
82630	34647
82631	34647
82632	34647
713	3303
713	807
713	914
713	851
713	15766
713	1063
714	17184
714	8129
714	786
714	851
714	2100
714	914
714	5853
714	6750
82635	34647
82636	34647
82637	34647
82638	34647
719	17184
719	1063
719	5995
719	3213
719	1586
719	2100
719	726
719	1336
719	34940
720	1063
720	14474
720	17234
720	914
720	854
25297	28435
723	1891
723	1959
723	26382
723	2262
723	954
726	3722
726	786
726	19988
726	919
726	28704
726	1062
726	1063
726	4264
726	1586
726	2482
726	4280
726	1593
726	5197
726	5198
726	1336
726	851
726	4558
726	854
726	733
726	4961
726	746
726	914
726	4978
726	4979
726	4857
17114	1336
733	905
733	1552
733	914
733	1300
733	1310
733	1318
733	936
733	1067
733	1068
733	1071
733	807
733	1586
733	1588
733	1078
733	1079
733	1336
733	1076
733	1360
733	851
733	1492
733	856
733	857
733	1376
733	742
733	756
733	2169
17118	3231
735	914
735	851
735	1063
736	17184
736	5688
736	2100
736	3117
736	1063
738	28435
17123	3231
17124	17234
17124	3298
17124	3303
17125	17234
17125	3303
17125	3271
742	807
742	1548
742	914
742	786
742	851
742	854
742	1336
744	36659
4220	2100
4220	33734
746	1586
746	1079
746	1063
80679	80340
748	17184
748	1063
750	3117
28667	28662
17140	1399
761	5379
761	134
761	1230
762	914
762	851
762	854
8319	3228
764	17184
764	3904
764	2048
764	1384
764	34425
765	17184
765	3647
766	17184
17151	15766
17151	3303
768	5598
769	5598
82691	78909
17156	17248
17156	11297
17156	35960
17156	15766
17156	3303
773	1336
773	1552
773	1586
774	1552
774	1586
774	1336
8321	3228
17161	17184
17161	3303
17161	2100
17161	15766
17161	1063
82698	17860
779	2842
17164	15766
17164	3303
781	35960
782	5598
784	1622
17169	3303
786	5995
786	45572
786	39701
786	39643
786	11529
786	142
786	39695
786	3600
786	40871
786	786
786	28435
786	28437
786	40600
786	39706
786	4250
786	39710
786	40351
786	17184
786	7075
786	1063
786	39722
786	1586
786	2100
786	11702
786	1336
786	756
786	2366
786	7745
786	39618
786	39619
786	2117
786	10187
786	825
786	854
786	851
786	596
786	3029
786	39640
786	4313
786	1371
786	2397
786	6750
786	1375
786	1552
786	6627
786	3945
786	39719
786	15724
786	914
786	39673
786	2645
787	1412
787	3213
787	917
787	14880
787	7463
787	5290
787	29128
787	2259
787	4564
787	17635
787	1272
787	14334
17175	3298
17175	3303
17175	1586
17175	1336
17175	2100
8985	36478
799	17184
799	1063
17184	2048
17184	3075
17184	10756
17184	10758
17184	3079
17184	34824
17184	10250
17184	2059
17184	5701
17184	4110
17184	4623
17184	3600
17184	1555
17184	4116
17184	3605
17184	3094
17184	33816
17184	78362
17184	3612
17184	5978
17184	4252
17184	3931
17184	3108
17184	21029
17184	29222
17184	5163
17184	1070
17184	4143
17184	3592
17184	2098
17184	15923
17184	6750
17184	10297
17184	3131
17184	3082
17184	3647
17184	7737
17184	4163
17184	2117
17184	28230
17184	28744
17184	28745
17184	28747
17184	1612
17184	5197
17184	4174
17184	20047
17184	20048
17184	8177
17184	4696
17184	29284
17184	3163
17184	23645
17184	15454
17184	4703
17184	3168
17184	3169
17184	5446
17184	3173
17184	3174
17184	12393
17184	5459
17184	35949
17184	35951
17184	8170
17184	2162
17184	4212
17184	4214
17184	28279
17184	40568
17184	3706
17184	4287
17184	87166
17184	87167
17184	87168
17184	3714
17184	80003
17184	87173
17184	3206
17184	4232
17184	14474
17184	3213
17184	14479
17184	6756
17184	3011
17184	3734
17184	3226
17184	5487
17184	3740
17184	3354
17184	5279
17184	5211
17184	1185
17184	67746
17184	5283
17184	58310
17184	3750
17184	5287
17184	17692
17184	14507
17184	3756
17184	11378
17184	28337
17184	5299
17184	5291
17184	3177
17184	5307
17184	1213
17184	35519
17184	5496
17184	6648
17184	5315
17184	5317
17184	3271
17184	3191
17184	28366
17184	1233
17184	3282
17184	2259
17184	1236
17184	1230
17184	5335
17184	4312
17184	37594
17184	3741
17184	3298
17184	12515
17184	10468
17184	5414
17184	17639
17184	40567
17184	20724
17184	42878
17184	874
17184	3028
17184	35114
17184	26325
17184	5376
17184	11526
17184	3713
17184	11529
17184	29450
17184	2827
17184	3340
17184	40322
17184	11534
17184	7469
17184	58293
17184	26387
17184	80942
17184	87172
17184	3078
17184	30491
17184	2332
17184	87169
17184	67359
17184	3873
17184	5410
17184	5286
17184	35623
17184	14300
17184	27434
17184	3885
17184	7471
17184	8381
17184	5647
17184	3382
17184	7991
17184	2876
17184	2878
17184	3395
17184	2886
17184	908
17184	3127
17184	4429
17184	17234
17184	3923
17184	1364
17184	5461
17184	5177
17184	31460
17184	38234
17184	1371
17184	1375
17184	1888
17184	3425
17184	3426
17184	5476
17184	87171
17184	3432
17184	3945
17184	22022
17184	31463
17184	7020
17184	3133
17184	17265
17184	4820
17184	3447
17184	3448
17184	8340
17184	42874
17184	5610
17184	15742
17184	3303
17184	3456
17184	3457
17184	34178
17184	5355
17184	5509
17184	1414
17184	7745
17184	889
17184	3472
17184	913
17184	3423
17184	916
17184	4088
17184	2967
17184	5898
17184	3482
17184	47330
17184	15774
17184	3141
17184	5024
17184	5537
17184	1956
17184	17317
17184	29169
17184	15272
17184	39851
17184	5548
17184	17325
17184	19375
17184	3015
17184	7241
17184	10168
17184	38332
17184	6048
17184	10179
17184	17350
17184	17351
17184	10185
17184	34768
17184	10193
17184	9841
17184	7075
17184	10196
17184	3029
17184	3031
17184	2980
17184	15951
17184	17884
17184	4688
17184	3040
17184	28752
17184	6627
17184	3557
17184	87170
17184	3559
17184	4072
17184	39706
17184	10221
17184	1521
17184	29171
17184	29174
17184	29176
17184	3412
17184	18426
17184	18430
804	2051
804	22028
804	2638
804	9011
804	78331
804	47325
134	3904
134	8325
134	1384
134	9322
134	1230
134	29457
807	53483
807	53380
807	15749
807	53510
807	47629
807	53520
807	53393
807	914
807	3604
807	53526
807	15768
807	55065
807	55066
807	3228
807	7838
807	53408
807	1063
807	53404
807	5292
807	5301
807	5558
807	53492
807	6111
807	15557
807	5526
807	42056
807	3019
807	53389
807	53456
807	17235
807	53532
807	29144
807	857
807	34394
807	1246
807	5343
807	6587
807	5604
807	29159
807	6695
807	53479
807	3309
807	851
807	47988
807	4214
807	5496
807	1300
807	3707
82728	34940
17193	3303
17193	1586
17193	15766
17193	1336
17194	11529
49287	3108
812	11671
17197	15766
17197	3303
817	914
817	851
9010	1063
9011	5277
9011	4508
9011	4509
9011	32674
9011	1959
9011	5037
9011	3374
9011	1199
9011	5320
9011	9012
9011	25630
9011	585
9011	2616
9011	828
9011	22461
9011	5322
9011	21697
9011	20934
9011	47933
9011	5321
9011	1226
9011	5688
9011	15954
9011	3412
9011	1493
9011	20951
9011	1240
9011	1884
9011	1247
9011	5355
9011	47980
9011	10349
9011	10351
9011	18426
9012	5688
82741	3213
17206	2100
17206	3303
823	914
823	851
9016	8388
825	28229
825	27580
825	1516
825	5198
825	1336
49979	3213
17212	3303
17213	15766
17213	3303
17214	15766
17214	3303
835	851
835	914
835	1063
836	3228
836	34647
17225	15766
17225	3303
843	15452
17228	2100
17228	15766
17228	3303
849	2366
17234	67584
17234	3592
17234	10250
17234	33807
17234	28689
17234	15762
17234	18197
17234	15766
17234	15774
17234	11297
17234	4642
17234	5596
17234	67243
17234	5295
17234	5552
17234	2100
17234	15805
17234	2878
17234	67232
17234	67524
17234	3271
17234	42056
17234	34506
17234	5579
17234	15820
17234	3918
17234	3279
17234	5329
17234	5330
17234	17235
17234	33749
17234	5647
17234	4623
17234	15452
17234	33758
17234	17248
17234	9315
17234	3303
17234	33768
17234	3945
17234	14474
17234	35960
17234	15612
17234	15741
17235	14474
17235	15757
17235	33806
17235	33807
17235	33808
17235	15766
17235	15774
17235	11297
17235	4642
17235	15452
17235	5292
17235	5295
17235	17247
17235	15805
17235	3271
17235	3918
17235	5647
17235	5596
17235	5599
17235	17248
17235	10256
17235	9315
17235	5604
17235	33766
17235	3303
17235	15612
17235	15741
17235	4863
142	3600
142	1622
142	5580
142	40428
142	3117
142	2100
142	854
142	34647
854	45568
854	45572
854	1548
854	45582
854	1552
854	45586
854	1557
854	45591
854	45597
854	45602
854	45606
854	1063
854	45608
854	1066
854	1071
854	1586
854	2100
854	1078
854	1079
854	7745
854	45580
854	5198
854	3169
854	3191
854	7827
854	3734
854	4264
854	5293
854	15538
854	4283
854	28279
854	39634
854	4310
854	730
854	39643
854	31460
854	1062
854	28397
854	39662
854	3312
854	4857
854	45614
854	15914
854	5381
854	28937
854	39693
854	1070
854	7644
854	777
854	1336
854	20023
854	17746
854	851
854	1364
854	3425
854	3941
854	874
854	17265
854	45584
854	45545
854	914
854	1939
854	17317
854	29095
854	28215
854	10668
854	2482
854	10190
854	45531
854	45532
854	45538
854	45540
854	45546
854	45550
854	45552
854	45561
854	45566
17239	3351
856	914
856	851
857	851
857	1063
17243	33778
17243	33795
17243	15766
17243	3351
17244	3408
17244	3351
17247	17248
17247	5315
17247	33766
17247	15612
17247	10250
17247	5579
17247	3468
17247	15805
17247	10256
17247	15825
17247	5596
17247	33807
17247	15452
17247	15741
17247	15774
17247	17247
17248	42056
17248	15452
17248	15741
17250	3351
17252	5688
871	3647
1120	61713
874	1063
49298	3108
17263	3298
17263	3303
17263	3271
17265	3298
17265	3303
17265	3722
17265	1070
17265	1586
17265	2100
17265	4558
17265	15766
17265	1336
17266	10245
17267	3303
889	2100
890	78346
890	26403
46570	3647
901	1411
901	10759
901	1867
901	78324
901	19637
901	2262
901	4250
901	4507
901	5178
901	20670
17286	1336
82683	80584
17293	15452
33678	34796
913	3904
914	1538
914	905
914	1546
914	1548
914	1552
914	1300
914	1582
914	1306
914	1310
914	928
914	1315
914	1317
914	40870
914	936
914	1066
914	1067
914	1068
914	1070
914	1071
914	775
914	1586
914	1076
914	1334
914	1079
914	1336
914	756
914	864
914	1078
914	1360
914	851
914	1492
914	985
914	730
914	1376
914	1318
914	2169
17300	1336
917	3904
917	1384
917	3117
33686	3271
919	3303
919	1063
919	1586
919	15766
919	1079
919	1336
33695	5905
928	3457
928	5329
928	15762
928	851
928	1079
928	29144
929	15766
929	3303
930	2876
930	11522
930	15452
930	1063
8347	3228
17317	1552
17317	1586
17317	1336
17905	17860
936	851
937	3385
938	3433
938	1063
939	3351
939	42718
939	1063
942	1393
942	1622
17327	1336
17331	3351
949	3303
949	15766
949	1063
954	1798
954	1411
954	1622
954	14334
17342	11522
41920	9888
961	1761
963	78867
963	78294
963	19495
963	78892
963	78835
963	78838
963	78559
17348	3176
17348	1063
17351	3233
17351	17973
971	29457
971	9322
971	78294
972	10759
4259	1562
33748	19794
33749	3271
33749	5291
33749	33778
33749	3481
33749	3231
982	1336
33752	3351
33752	3303
33752	3271
985	851
851	1538
851	1546
851	1548
851	1552
851	1066
851	1067
851	1068
851	1070
851	1071
851	1072
851	1073
851	1586
851	1075
851	1076
851	1589
851	1078
851	1079
851	864
851	2169
851	730
851	756
851	775
851	1300
851	1582
851	1306
851	1583
851	1310
851	1584
851	1315
851	5412
851	1318
851	1319
851	1320
851	1074
851	1328
851	1587
851	1334
851	1336
851	1588
851	1360
851	851
851	1376
851	905
851	40870
851	1492
851	3029
33755	5647
33756	1552
17914	5905
17914	3351
17914	33734
17914	1063
28675	28662
82686	80584
995	28662
8790	8969
33766	11297
33766	42056
33766	14474
33766	15741
33768	66558
33768	5327
33768	10256
33768	5329
33768	15762
33768	15764
33768	18197
33768	5559
33768	5596
33768	15805
33768	15774
1002	34425
1002	1622
1002	5287
33774	3351
46589	34425
33776	10250
33776	5647
33777	11297
33777	5282
33777	9315
33777	10245
33777	5351
33777	10248
33777	5607
33777	3271
33778	4642
33778	3351
33779	34647
8437	8969
8681	8388
33785	28588
86233	87107
86233	87108
86233	87109
86233	87110
86233	87111
86233	87054
86233	57039
86233	86867
86233	86870
86233	86872
86233	87055
33790	14875
33794	3271
33795	3351
33800	1552
33806	11297
33807	42056
33807	5579
33807	18197
33807	15452
33807	15741
33808	15452
19289	34647
8463	8969
1050	1622
1051	5598
25630	4508
8764	8969
1061	11522
1061	1063
1061	3433
1061	10189
1061	1622
1061	3351
1062	1063
1062	1586
1062	1336
1062	34940
1063	2048
1063	2049
1063	2050
1063	1539
1063	19464
1063	10250
1063	1548
1063	28687
1063	28688
1063	28689
1063	28690
1063	3075
1063	19988
1063	29205
1063	28704
1063	29019
1063	1063
1063	3932
1063	1066
1063	1067
1063	1582
1063	1586
1063	5299
1063	1078
1063	1079
1063	1593
1063	5302
1063	5190
1063	4961
1063	1608
1063	5195
1063	5197
1063	5198
1063	5304
1063	5288
1063	3165
1063	3169
1063	3173
1063	3174
1063	3176
1063	3178
1063	3694
1063	3695
1063	3697
1063	28691
1063	3701
1063	3702
1063	3703
1063	3704
1063	3706
1063	3707
1063	3709
1063	3204
1063	3205
1063	3722
1063	4755
1063	29333
1063	3354
1063	3230
1063	29343
1063	5280
1063	1185
1063	5282
1063	5283
1063	5284
1063	5285
1063	5286
1063	5287
1063	4264
1063	5289
1063	5290
1063	5291
1063	5292
1063	4269
1063	5294
1063	5295
1063	5296
1063	5297
1063	5298
1063	4979
1063	5300
1063	5301
1063	4278
1063	5303
1063	4280
1063	5305
1063	5306
1063	5307
1063	5308
1063	1213
1063	5310
1063	4213
1063	5312
1063	5313
1063	5314
1063	5315
1063	5316
1063	5317
1063	5318
1063	5319
1063	5320
1063	5321
1063	5322
1063	5323
1063	5324
1063	5325
1063	5326
1063	5327
1063	5328
1063	5309
1063	5330
1063	5331
1063	1236
1063	5333
1063	5345
1063	12514
1063	3451
1063	17639
1063	4334
1063	5293
1063	4857
1063	3324
1063	5379
1063	3845
1063	1798
1063	3850
1063	2827
1063	5311
1063	3862
1063	3863
1063	2842
1063	25376
1063	15650
1063	5329
1063	1323
1063	5422
1063	5423
1063	1334
1063	1336
1063	2886
1063	3127
1063	17740
1063	1360
1063	29018
1063	3215
1063	29020
1063	3425
1063	3432
1063	4969
1063	3303
1063	4973
1063	3443
1063	1399
1063	29332
1063	2939
1063	3454
1063	3455
1063	3457
1063	5332
1063	3463
1063	5281
1063	3466
1063	3468
1063	15766
1063	3480
1063	4512
1063	2978
1063	1955
1063	2980
1063	18417
1063	5191
1063	2482
1063	5279
1063	3008
1063	3015
1063	7114
1063	3019
1063	4558
1063	15825
1063	3026
1063	7644
1063	8374
1063	5097
1063	5543
1063	18413
1063	3057
1063	3583
33833	3298
1066	3298
1066	3303
1066	2100
1066	3734
1066	1079
1067	40870
1067	3303
1067	15766
1067	1079
1068	19495
1068	1079
1070	31463
1070	2100
33840	15766
33840	3303
1079	15766
1079	3081
1079	10250
1079	71303
1079	1552
1079	28691
1079	1300
1079	3734
1079	3735
1079	3354
1079	23452
1079	3108
1079	37286
1079	1586
1079	1582
1079	2482
1079	1588
1079	71223
1079	1336
1079	1593
1079	71306
1079	71243
1079	1360
1079	71288
1079	3026
1079	42838
1079	71332
1079	2398
1079	3423
1079	5600
1079	35600
1079	71267
1079	3303
1079	756
1079	34423
1079	5496
1079	4857
33860	5647
33860	34647
8374	1552
8374	3228
42056	11904
42056	15749
42056	41739
42056	10382
42056	3604
42056	15767
42056	4632
42056	7708
42056	15774
42056	53381
42056	46242
42056	46243
42056	46244
42056	46245
42056	46246
42056	46248
42056	5292
42056	5550
42056	5295
42056	58867
42056	4766
42056	66258
42056	15813
42056	32583
42056	34506
42056	9294
42056	66254
42056	15758
42056	5335
42056	54105
42056	27354
42056	5596
42056	3707
42056	67428
42056	29163
42056	5485
42056	45043
42056	9462
42056	15479
42056	3067
42056	15612
42056	3069
42056	3070
42056	3071
9294	15452
8376	8969
8376	8388
8376	3228
8376	8380
8376	8644
8376	8646
8376	8396
8376	8526
8376	1135
8376	8441
8376	1149
74838	63232
74838	40616
74838	52564
74838	5205
74838	74839
74838	74840
74838	74841
74838	74842
74838	74843
74838	74844
74838	74845
33879	4573
33879	3862
33880	3385
33884	3233
33884	80486
33884	8129
33884	3213
33884	5459
33884	17973
33884	34940
33884	3647
36669	36736
36669	36737
36669	36738
36669	36715
36669	36740
36669	36741
36669	36742
36669	36743
36669	23304
36669	1289
36669	36746
36669	36747
36669	10637
36669	36622
36669	36751
36669	36739
36669	10649
36669	10656
36669	10663
36669	10671
36669	36744
36669	22324
36669	10677
36669	36745
36669	36672
36669	36674
36669	36748
36669	36749
36669	36750
36669	36696
36669	10587
36669	36701
36669	36706
36669	36713
36669	36714
36669	10535
36669	36716
36669	36717
36669	36718
36669	36719
36669	36720
36669	36721
36669	36722
36669	36723
36669	36724
36669	36725
36669	36726
36669	36727
36669	36728
36669	36729
36669	36730
36669	36731
36669	36732
36669	36733
36669	36734
36669	36735
58464	35960
9313	14027
9313	15766
9313	3303
9315	6017
9315	5291
9315	5380
9315	5381
9315	5512
9315	5548
9315	14474
9315	5527
9315	5647
9315	14480
9315	7698
9315	15768
9315	3481
9315	5533
9315	7838
9315	3231
9315	5024
9315	11297
9315	29730
9315	5529
9315	3697
9315	5293
9315	5191
9315	5292
9315	3885
9315	7471
9315	10038
9315	29755
9315	5547
9315	2879
9315	8129
9315	4163
9315	15813
9315	3271
9315	5580
9315	5328
9315	3284
9315	8177
9315	4696
9315	5477
9315	34619
9315	5604
9315	15461
9315	5287
9315	3309
9315	3952
9315	2930
9315	28279
9315	3704
8380	8969
8380	3228
9322	29224
9322	4457
9322	14508
9322	10701
9322	8268
9322	14514
9322	15646
9322	1206
9322	34906
9322	4589
9322	34653
9322	14334
9322	469
8381	3228
8381	6627
8381	2100
1149	8388
1149	8969
1149	3228
1150	8969
1150	8388
46613	3647
19133	6627
8388	8969
8388	1135
8388	8378
8388	5359
8388	8440
8388	8441
8388	8454
8388	8471
8388	5928
8388	9014
8388	9015
8388	9017
8388	8521
8388	8526
8388	8534
8388	8546
8388	8548
8388	8570
8388	8649
8388	8655
8388	8658
8388	8661
8388	8663
8388	8665
8388	8667
8388	8668
8388	8670
8388	8671
8388	8674
8388	8682
8388	8683
8388	8684
8388	8685
1183	5347
1183	5349
1183	5350
1183	5352
1183	15721
1183	4778
1183	26677
1183	3580
1183	5205
8390	3228
8390	2100
1193	38433
1193	2053
1193	5345
1193	5320
1193	55452
1193	5205
1193	3544
1193	3580
1199	1891
1199	1233
1199	5688
1199	4508
8392	8969
1206	29457
8395	8969
1225	1233
1226	5688
1226	1233
1229	6040
1230	8129
1230	8325
1230	3213
1230	34771
1230	3704
1230	30107
1230	34940
1233	6627
1233	34940
1233	20023
1233	2842
1237	21459
1237	26405
1237	2398
1237	26695
8399	8969
1246	5688
1246	10759
1247	4508
1248	3213
17635	1384
17635	3904
17635	15452
17639	3176
17639	1622
8498	8969
8402	8969
9462	15452
9462	5647
1272	3904
1272	1384
1272	1622
1272	15452
1278	11671
8408	8969
1302	5598
8409	8969
82697	17860
1334	3303
1334	15766
1336	2944
1336	6017
1336	3714
1336	5380
1336	5381
1336	10250
1336	3863
1336	1548
1336	45572
1336	29357
1336	1552
1336	19985
1336	3346
1336	10259
1336	3057
1336	17322
1336	28203
1336	29356
1336	2482
1336	1586
1336	4979
1336	3382
1336	1593
1336	5293
1336	18241
1336	4163
1336	5492
1336	17739
1336	5580
1336	5197
1336	4558
1336	3281
1336	3283
1336	3284
1336	5198
1336	3927
1336	4623
1336	3127
1336	3727
1336	7644
1336	3293
1336	2271
1336	4961
1336	3298
1336	6075
1336	3303
1336	3307
1336	1516
1336	4978
1336	21491
1336	3697
1336	3701
1336	4088
1336	4857
1336	6781
1336	8173
9533	34940
17734	15452
1352	15263
17740	15452
1360	3303
1360	15766
17747	3233
17747	24035
17747	3213
17747	17973
1364	28931
1364	28200
1364	29355
1364	1548
1364	5198
1364	4468
1364	1363
1364	2100
1364	40342
1364	40564
1364	40315
1364	14557
1367	3176
1373	26118
1373	7688
1373	29001
1373	22958
1373	1502
1373	35081
1373	4329
1373	1566
1375	2876
1375	3303
1377	2100
1377	3117
1377	34647
1383	1393
1383	1622
1384	1412
1384	3213
1384	7463
1384	5290
1384	29128
1384	2259
1384	4564
1384	15452
1384	14334
1393	1622
1393	15452
1393	34967
1393	15281
1393	5299
1393	15637
1393	34966
1393	34968
1393	34395
17778	10759
1399	6048
1399	11522
1399	19429
1399	2050
1399	5294
1399	3695
1399	2960
1399	31449
1399	2905
1399	31450
1399	6095
17784	3029
34178	3213
1411	22028
1411	26382
1411	2262
1412	3904
1412	15452
5503	5580
5503	3303
8434	8969
17855	5647
17860	19488
17860	19489
17860	3075
17860	3120
17860	5446
17860	3079
17860	4252
17860	3213
17860	19408
17860	5459
17860	3412
17860	52119
17860	5492
17860	18426
17860	3740
17860	19487
8438	8969
8440	8969
33017	15452
8957	8969
17882	1541
1501	4329
17888	10759
8779	8969
8443	8969
75245	75246
8446	8969
1529	28966
1529	1959
1529	1578
1529	5616
1529	35483
1529	19562
8447	8969
1536	14334
42497	80340
1541	2100
33025	9888
1548	1586
1548	3480
1548	3474
1548	3450
1548	19454
1552	2944
1552	6017
1552	15497
1552	3725
1552	3727
1552	19985
1552	10259
1552	5528
1552	2396
1552	5293
1552	1586
1552	27447
1552	6075
1552	7644
1552	28359
1552	3927
1552	3127
1552	5519
1552	3948
1552	8173
1552	3057
1552	4755
1552	3701
1552	28279
1552	4088
34322	34647
1566	1901
8453	8969
8454	8969
8456	8969
1586	2944
1586	6017
1586	3714
1586	5380
1586	5381
1586	10250
1586	3863
1586	3727
1586	19985
1586	10259
1586	15766
1586	45572
1586	4264
1586	5293
1586	2482
1586	3382
1586	1593
1586	6075
1586	3722
1586	18241
1586	4163
1586	5492
1586	3127
1586	5580
1586	5197
1586	4558
1586	3281
1586	3283
1586	3284
1586	5198
1586	3927
1586	4623
1586	7644
1586	3293
1586	4961
1586	3298
1586	3303
1586	3307
1586	3948
1586	8173
1586	3312
1586	3057
1586	4979
1586	3697
1586	3701
1586	4088
1586	4857
1586	6781
7091	3351
17973	3203
17973	3213
17973	52496
17973	3218
17973	3221
17973	15126
17973	3098
17973	3099
17973	35100
17973	3233
17973	81065
17973	80583
17973	80762
17973	20022
17973	4794
17973	4805
17973	37321
17973	81884
17973	15953
17973	27349
17973	77562
17973	15327
17973	4196
17973	27365
17973	80337
17973	19452
17973	3050
17973	3669
17973	80498
17973	5459
17973	10229
17973	3575
17973	19578
17973	34940
17973	7421
17973	80382
17973	28309
1593	3303
1593	2482
1593	4857
1595	10759
1601	5275
1601	28212
1601	3213
8459	8969
1607	33734
1607	34647
1612	34425
1618	2100
1622	4696
1622	10855
1622	15637
1622	34966
1622	5299
1622	14474
1622	29182
34394	11297
34396	15452
34402	14027
34402	6627
34405	34647
61714	61713
34416	15452
34425	10208
34425	5632
34425	5411
34425	5166
34425	29174
34425	3647
34426	15452
34428	15452
34442	34647
8471	8969
34444	15452
8472	8969
9888	33027
9888	10436
9888	10759
9888	54120
9888	45426
9888	43395
9888	5205
67234	67308
67236	67265
67236	48820
67236	18197
67236	67281
61724	61713
61725	61713
59060	2876
59061	2876
59064	2876
59066	2876
67261	67339
59070	2876
67264	67267
59073	2876
67267	67265
67267	48820
67267	18197
59078	2876
59079	2876
59081	2876
34506	15612
34506	15452
34506	15774
59092	2876
26325	2048
26325	3647
9942	35960
34522	5580
33061	5205
9952	2100
9952	3271
5787	61713
61734	61713
34544	3015
67315	67315
67317	67578
34553	3298
59132	2878
26367	10759
8491	8969
26382	1891
67346	48820
67346	19375
1813	15452
67361	15452
67362	15452
67364	15452
67365	15452
67366	15452
67367	15452
67368	15452
26409	26408
26410	26408
26412	26408
26413	21098
35250	5905
34616	1363
10044	80340
18239	15452
18241	3303
18241	15766
1866	3231
8503	8969
34647	22027
34647	33300
34647	4631
34647	2103
34647	31801
34647	27576
34647	4183
34647	27238
34647	27239
34647	5564
34647	3695
34647	15480
34647	19579
34647	35454
34647	11904
34647	3213
34647	153
34647	82075
34647	80374
34647	78019
34647	82629
34647	82633
34647	82634
34647	82639
34647	82640
34647	82641
34647	7383
34647	77528
34647	77539
34647	77540
34647	63717
34647	77547
34647	77558
34647	19196
34647	7466
34647	35629
34647	32528
34647	35096
34647	35620
34647	15658
34647	47405
34647	2864
34647	15669
34647	2870
34647	2872
34647	69949
34647	28999
34647	5459
34647	47957
34647	5520
34647	7528
34647	7529
34647	27500
34647	3954
34647	67448
34647	3963
34647	67452
34647	35197
34647	67454
34647	5509
34647	3976
34647	3978
34647	27536
34647	5521
34647	3988
34647	5525
34647	4512
34647	4002
34647	4003
34647	4004
34647	4007
34647	28588
34647	7666
34647	4015
34647	4020
34647	4024
34647	4028
34647	5573
34647	5581
34647	4047
34647	6096
34647	4052
34647	4053
34647	4063
34647	4065
34647	4066
34647	4078
34647	48114
34647	37364
34647	32758
8644	8965
8644	3228
1884	20965
1884	22028
1884	4503
1884	4506
1884	4508
67421	15766
1891	4333
1894	5688
1895	15263
1897	1898
34671	78389
8510	8969
67449	15766
61759	61713
67452	3271
34687	2100
86338	87151
1937	61713
18332	3385
8521	8969
86341	87160
1952	14480
1953	28662
18339	40564
1956	2842
1959	5688
61767	61713
1964	8969
10171	2048
10171	3647
10173	6627
10173	6791
10173	5447
67232	48820
10183	3647
10185	15452
10189	5313
10189	3460
10189	3431
10189	3351
10189	5336
20813	20827
8526	8969
8526	3228
34782	2100
18401	4508
36184	5598
18405	3351
2023	11297
2023	5287
2023	5905
18409	14480
34800	3385
10225	15452
34803	3385
10229	3233
10229	5459
10229	3213
8532	8969
2048	29546
2048	3647
2051	78397
2051	78294
18436	3298
18436	15766
18436	3303
10245	11297
10245	2850
10245	6052
10245	5351
10245	3228
10245	10410
10245	2930
10245	2990
10245	10261
10245	2935
10245	6040
10245	5530
10245	2975
10245	2844
10245	6782
10245	10047
2054	14334
10247	2100
10248	3351
10249	44669
10249	3351
10250	3592
10250	14474
10250	3468
10250	15757
10250	28689
10250	15766
10250	48936
10250	29755
10250	2878
10250	5315
10250	3271
10250	5326
10250	5328
10250	3298
10250	3303
10250	15741
10252	2100
67597	67584
67598	67584
67599	67584
10256	15452
10256	15741
67601	67584
67602	67584
57353	5319
10261	6627
10261	2100
67606	67584
67607	67584
67608	67584
67609	67584
67610	67584
67611	67584
67612	67584
67613	67584
67614	67584
67615	67584
67616	67584
67617	67584
67618	67584
20827	20764
20827	20740
20827	22949
67620	67584
67621	67584
67622	67584
67623	67584
67624	67584
67626	67584
67627	67584
2098	14875
2100	19457
2100	11784
2100	3600
2100	4124
2100	7714
2100	7715
2100	7717
2100	7718
2100	7719
2100	5173
2100	10808
2100	3134
2100	7745
2100	2117
2100	28230
2100	7751
2100	20045
2100	20046
2100	20047
2100	5203
2100	12376
2100	3191
2100	6765
2100	3701
2100	40566
2100	40567
2100	40568
2100	40569
2100	40570
2100	4287
2100	28796
2100	3722
2100	19097
2100	3229
2100	3231
2100	10403
2100	3750
2100	5290
2100	5291
2100	40565
2100	3382
2100	7798
2100	14027
2100	4819
2100	3298
2100	31460
2100	12517
2100	12519
2100	6782
2100	4857
2100	35602
2100	3863
2100	2850
2100	5414
2100	14300
2100	3882
2100	3381
2100	2876
2100	3395
2100	3909
2100	3927
2100	3931
2100	864
2100	5994
2100	31463
2100	19090
2100	2930
2100	2935
2100	15742
2100	35202
2100	33670
2100	5529
2100	5530
2100	27547
2100	11678
2100	5547
2100	5548
2100	5549
2100	3741
2100	5534
2100	27580
2100	4033
2100	4558
2100	5197
2100	3024
2100	3029
2100	19420
2100	8173
2100	7664
2100	8177
10294	5336
26679	26680
26679	26681
2106	26759
2106	10759
2106	5178
2117	87013
2117	39719
2117	40394
2117	2645
10314	15452
34891	80584
34891	80340
8546	8969
2129	3117
34899	80340
34904	11297
34904	5580
2137	11695
34906	29457
34906	3385
80911	80584
2143	21459
61608	61713
8550	8969
10349	5688
10351	3213
10351	15263
8552	8969
8525	8969
34940	3213
34940	34967
34940	3233
34940	5546
34940	5551
34940	4030
34940	4036
34940	5197
34940	2877
34940	34940
34940	32125
34940	3967
48149	47948
82180	80382
34955	5647
34960	40351
10389	36551
34973	5580
34973	29847
34974	4163
34975	4163
5830	36569
10410	3298
10410	3303
10410	15766
10410	3271
8564	8969
35003	3303
35007	5336
35012	15452
11297	3592
11297	15757
11297	15762
11297	18197
11297	6054
11297	5288
11297	5292
11297	4666
11297	5905
11297	2878
11297	5328
11297	4696
11297	6111
11297	3297
11297	5603
11297	5604
11297	5477
11297	3309
11297	14332
2259	15452
2261	14875
2262	20676
2262	20677
2262	20681
2262	20682
2262	4503
2262	5688
2262	4507
2262	5277
5531	5647
8570	8969
2271	28229
8571	8969
2289	15452
2289	28662
8574	8969
8575	8969
35073	14027
35082	3385
35083	3385
35084	3385
35085	3385
35086	3385
35087	3385
7715	6627
8580	3228
35099	78397
35102	3647
8534	8969
61773	61713
2353	15452
2362	40351
2366	28662
35135	15774
18145	3351
35144	10759
35159	15452
2398	21459
35176	15452
26986	4508
35207	3303
10643	67584
29082	36549
35230	15452
69248	5205
35240	3303
2479	3385
2482	3303
10677	61713
8539	8969
2495	14875
2495	80300
10693	61713
10701	29457
10715	11667
8268	29457
8268	78397
8268	78294
8268	3385
2556	3385
10759	23041
10759	13320
10759	11785
10759	21507
10759	4787
10759	4250
10759	11679
10759	11680
10759	15016
10759	36653
10759	14515
10759	14518
10759	14555
10764	3213
10764	81782
8746	8969
10800	2876
8627	3228
10808	3117
10808	11667
10808	14875
10808	11900
10808	14334
8629	6627
8629	3228
2640	3228
51794	15452
2645	3600
4537	3011
36641	36478
10855	3647
33368	78397
8637	61713
33214	80300
18197	5579
18197	5330
18197	15452
19097	34767
8646	8965
8646	3228
29130	29176
29130	3647
8548	8969
27349	3233
19169	5579
27365	3233
61772	61713
19183	74717
27376	3351
19187	5647
67369	5330
4564	15452
34602	3385
29141	15452
27392	15452
26411	21098
26411	20901
26411	22015
35594	48820
35598	3298
35598	3303
35599	3303
35600	3298
35600	3303
78296	78294
35602	6627
2839	2842
2842	2850
2842	3945
2842	3117
2842	11890
2842	40568
2842	3006
2848	5316
78300	78294
2866	3351
78303	78294
2876	47233
2876	6048
2876	29192
2876	3465
2876	14474
2876	5647
2876	6039
2876	6040
2876	5529
2876	6042
2876	6054
2876	3592
2876	5309
2876	2878
2876	5301
2876	5172
2876	3527
2876	6856
2876	3019
2876	15820
2876	6095
2876	6096
2876	5603
2876	2934
2878	5603
2878	6054
2878	3592
2878	15741
2878	5647
2878	14474
2879	3271
19276	35960
2893	3231
78307	78294
2905	2962
78309	78294
27503	14027
2935	3228
2935	3303
35709	5598
2944	3228
2958	3303
2958	15766
2958	3271
2962	3231
27539	5579
43925	3647
2966	3271
47047	46574
2978	3303
2978	15766
2979	3231
2986	3351
2988	5647
19375	15452
27580	3298
3011	40229
3011	3117
3011	3213
3013	5890
3013	72806
3013	72808
3013	3945
3013	72813
3013	72783
3013	72816
3013	72809
3013	72824
3013	72795
3015	44614
3015	44584
3015	5447
3015	6791
3015	44598
3015	5598
3019	11522
3019	15452
3019	3213
3019	40351
19406	35960
3026	3298
3026	3271
3026	3303
3026	15766
3028	3647
3029	6694
3029	3722
3029	5240
3029	596
19428	5580
3046	11522
3050	3233
3052	5336
19452	3233
19454	28200
19454	3704
3075	5314
3075	3204
3075	3303
3075	15766
3078	3647
19480	40351
45572	28779
45572	87149
3098	3233
3099	3218
3099	3213
3108	49313
3108	47939
3108	3351
19494	14027
19497	14027
3117	11784
3117	3213
3117	3218
3117	77465
3117	7463
3117	5290
3117	12376
3117	14334
3122	5598
8718	8969
3165	15452
3173	3176
3176	37600
3176	37633
3176	37591
3176	3862
3176	37620
3176	3860
3176	37593
3176	37594
3176	29019
3176	37628
19569	6791
19569	5598
19569	5447
3191	8129
35960	3468
35960	13358
35960	29679
35960	1394
35960	14515
35960	32084
35960	36598
35960	40021
35960	29983
19578	3233
19579	3213
19579	3271
3199	15452
3203	3233
3203	3218
3203	3213
3204	11522
3204	15263
3205	3303
3205	15766
78359	4250
3213	80387
3213	80392
3213	80409
3213	37926
3213	28212
3213	20022
3213	80442
3213	80443
3213	80444
3213	80449
3213	80455
3213	80458
3213	15953
3213	3669
3213	80470
3213	12389
3213	80488
3213	80498
3213	80501
3213	80502
3213	80509
3213	3213
3213	3218
3213	3221
3213	3233
3213	77480
3213	80559
3213	32712
3213	80565
3213	80571
3213	80576
3213	80577
3213	4805
3213	80583
3213	39112
3213	4304
3213	80591
3213	14557
3213	12515
3213	12520
3213	11522
3213	45101
3213	52496
3213	15126
3213	29475
3213	40237
3213	82749
3213	27985
3213	4580
3213	45116
3213	15724
3213	4985
3213	3485
3213	80300
3213	80315
3213	67658
3213	8129
3213	5576
3213	4554
3213	80334
3213	80337
3213	80338
3213	37341
3213	15327
3213	24035
3213	80356
3213	80363
3213	5459
3213	80375
3213	80382
3215	6627
3215	3228
3216	15452
3218	3424
3218	44993
3218	20022
3218	6871
3219	15452
3219	5647
3221	3233
3228	6663
3228	6667
3228	4623
3228	1135
3228	7798
3228	6782
3228	3714
3228	3716
3228	8325
3228	8335
3228	8340
3228	3228
3228	3229
3228	5293
3228	8389
3228	8396
3228	8441
3228	61713
3228	7991
3228	9036
3228	8052
3228	5588
3228	7644
3228	6627
3228	8697
3231	5282
3231	4642
3231	3271
3231	3303
3231	3918
3231	5647
3231	15766
3231	2871
3231	3481
3231	5501
3231	17119
3233	11522
3233	32526
3233	52496
3233	15126
3233	35100
3233	6048
3233	3233
3233	81884
3233	20022
3233	4805
3233	37321
3233	15953
3233	80762
3233	4196
3233	3669
3233	5459
3233	3575
3233	7421
3233	28309
61757	61713
46965	46574
46966	46574
3271	5547
3271	5510
3271	40406
3271	3863
3271	4696
3271	7698
3271	28691
3271	3737
3271	15768
3271	3481
3271	5533
3271	5534
3271	4642
3271	5291
3271	5292
3271	5554
3271	48943
3271	5298
3271	7838
3271	17209
3271	14474
3271	15813
3271	3850
3271	4110
3271	3289
3271	5604
3271	3309
3272	3600
3276	15452
3281	19794
3282	3298
3283	3303
3284	3303
3284	15766
3289	3303
3289	15766
3292	5905
3292	5287
3293	6627
3293	3303
3293	15766
3298	3734
3298	5510
3298	3735
3298	7698
3298	28691
3298	7701
3298	15766
3298	5380
3298	5534
3298	12451
3298	3863
3298	3382
3298	3850
3298	5191
3298	4558
3298	40406
3298	3932
3298	87139
3298	3303
3298	3307
3298	4334
3298	3701
3298	15742
3303	4623
3303	3600
3303	19985
3303	28691
3303	5380
3303	5381
3303	32291
3303	4143
3303	4163
3303	5526
3303	5191
3303	5193
3303	5197
3303	3885
3303	4696
3303	3678
3303	15458
3303	3697
3303	3701
3303	28279
3303	12921
3303	3707
3303	3714
3303	14474
3303	3863
3303	4755
3303	29332
3303	3734
3303	3735
3303	7838
3303	5286
3303	5287
3303	5289
3303	5292
3303	5293
3303	5295
3303	5298
3303	4979
3303	4278
3303	7644
3303	5309
3303	5310
3303	5311
3303	5312
3303	5315
3303	5319
3303	5580
3303	3703
3303	5324
3303	12513
3303	3303
3303	3307
3303	4334
3303	28400
3303	4857
3303	29434
3303	4861
3303	5163
3303	3845
3303	3850
3303	67349
3303	15669
3303	17209
3303	3382
3303	3918
3303	3983
3303	5472
3303	4961
3303	45923
3303	3942
3303	3944
3303	3945
3303	5485
3303	5519
3303	15742
3303	6017
3303	3990
3303	5510
3303	15759
3303	15766
3303	5527
3303	15768
3303	5532
3303	5533
3303	5534
3303	5547
3303	28588
3303	15791
3303	5558
3303	15805
3303	15813
3303	15817
3303	15820
3303	40406
3303	5596
3303	4065
3303	5603
3303	5604
3303	4585
3303	4178
3303	3923
3307	4558
3309	14474
3309	5336
3309	15452
3312	5647
19668	15452
82474	78909
11520	15452
11522	3745
11522	5290
11522	5459
11522	3446
28664	36569
28664	28662
11529	12513
11529	3600
11529	40212
3351	3713
3351	3460
3351	3670
3351	5510
3351	48001
3351	3466
3351	32087
3351	17292
3351	15501
3351	4110
3351	40406
3351	5507
3351	47982
3351	3351
3351	7707
3351	3868
3351	5534
3351	29343
3351	4642
3351	3756
3351	47964
3351	5163
3351	3372
3351	47965
3351	47944
3351	5300
3351	5291
3351	3894
3351	7708
3351	47931
3351	47932
3351	5547
3351	47934
3351	47936
3351	5313
3351	47938
3351	47939
3351	15813
3351	5321
3351	47947
3351	47948
3351	3918
3351	3408
3351	47955
3351	17238
3351	45050
3351	3431
3351	3944
3351	3433
3351	5442
3351	6765
3351	47983
3351	3432
3351	3443
3351	44669
3351	17150
3372	47936
8754	8969
82483	80382
3381	6627
3385	469
3385	34817
3385	13325
3385	29345
3385	5745
3385	29224
3385	34603
3385	13360
3385	14131
3385	28729
3385	24251
3385	28229
3385	15697
3385	1363
3385	28373
3385	4731
3385	15591
3385	5481
3385	34797
3385	34801
3385	15603
3385	4468
3385	7672
3385	34810
3385	15611
3385	29311
60641	60642
19786	19794
60642	81783
19792	19794
19794	45697
19794	45681
19794	29480
19794	3656
19794	20430
19794	45682
19794	45683
19794	19796
19794	45685
19794	19798
19794	5527
19794	19800
19794	7644
3431	3433
3431	7707
3432	3433
3432	17292
3433	47936
3433	5313
3433	47939
3433	5284
3433	47948
3433	17292
3433	7707
3433	3451
81127	81065
11638	11667
11642	11667
47323	78294
3454	15452
3463	15452
3468	15452
3468	15774
3471	5688
3474	28309
11667	11780
11667	11792
11667	4250
11667	11803
11667	11805
11667	11678
11667	11679
11667	11680
11667	11695
11667	11697
11667	11829
11667	11702
11667	11838
11667	11701
11667	11725
11667	11727
11667	14334
11669	14334
11671	78369
11671	5467
11671	11686
11671	11691
11671	78391
11671	14575
11671	78397
11673	29489
11678	11824
11678	11900
11678	14334
11679	4250
11680	4250
11684	14334
11685	5753
11685	14334
11685	14575
11686	78397
11686	14334
11687	14875
11687	11900
11687	14334
11688	14334
11689	14334
11691	11900
11691	78397
11691	14334
11692	11900
11692	14334
11695	15279
19888	5598
19888	5447
11702	4250
587	40351
77254	14334
8425	8969
11732	14334
3559	47136
3559	3647
3562	33734
3563	56722
37340	80337
80584	80897
80584	4356
80584	80903
80584	80904
80584	80906
80584	80907
80584	80910
80584	80912
80584	80913
80584	80915
80584	80916
80584	80917
80584	80919
80584	80920
80584	80922
80584	80924
80584	78254
80584	78909
80584	80582
80584	81107
80584	82682
80584	5088
80584	82681
80584	5242
80584	82684
80584	82685
80584	82687
3587	33750
3587	15452
3587	15741
3587	15766
33366	78294
19975	6627
3592	5647
3592	14474
19985	15766
11794	14334
3604	15452
61769	61713
3620	15452
28200	4468
11822	14334
28212	4580
28212	1829
3647	5632
3647	2316
3647	46609
3647	5275
3647	5211
3647	46628
3647	46629
3647	4269
3647	7472
3647	7480
3647	34826
3647	37321
3647	29135
3647	4560
3647	12372
3647	46585
3647	7483
3647	15951
3647	5469
3647	4579
3647	46574
3647	4336
3647	29176
3652	5336
28243	29254
61771	61713
3678	15766
3695	33734
3695	14027
36464	36478
3697	33734
3697	5905
3697	15766
3697	5287
11891	14334
3701	15766
3702	15452
28279	5336
3704	33734
3704	5287
3704	5905
28281	36569
3707	15766
3707	15452
11900	70131
11901	14334
36478	36587
36478	36646
36478	36552
36478	36553
36478	36554
36478	36555
36478	36556
36478	36557
36478	36558
36478	36530
36478	36540
11903	14334
11904	14334
3713	47962
3713	3868
11907	14334
11918	5688
3750	4642
28331	87016
28331	28681
28331	86258
28331	86335
36530	36569
36530	36637
36543	36569
28354	28662
36547	36569
36548	36549
36549	29869
36549	2105
36549	36602
36549	36607
36550	36551
28359	5783
28364	28662
82552	80389
82552	80382
36569	29721
36569	36650
36569	36651
36569	5833
36569	36570
36569	36571
36569	36572
36569	36573
36569	36574
36569	36575
36569	36576
36569	36577
36569	36578
36569	36579
36569	36580
36569	36581
36569	36582
36569	36583
36569	36584
36569	36585
36569	36586
28394	28662
28394	28671
36590	15452
28400	15766
10195	5336
36609	15452
3845	15766
3850	15766
3850	5287
77579	14334
28435	40385
28435	40386
28435	40387
28435	5415
28435	40874
28435	40875
28435	5805
28435	23854
28435	5392
28435	40376
28435	40378
28435	40379
28435	40158
28435	40383
3868	47936
3876	15452
44850	14466
3901	15452
33682	5905
3903	5598
67552	67552
3912	6627
3918	5547
3918	15813
3918	5291
3918	15766
25340	61713
3923	15766
3944	5647
3944	15766
3976	6627
53133	15766
21150	24168
21150	20748
53919	15452
4028	6627
3408	48018
3408	47939
4052	6627
4072	14027
45042	5598
45046	15452
45047	15452
45048	15452
28666	28662
45051	15452
45052	15452
28669	28662
28670	28662
28671	28662
28672	28662
28673	28662
45058	15452
45059	15452
45060	15452
28677	28662
45062	15452
28680	28662
28681	28662
28681	87207
28682	28662
28683	28662
28684	28662
67586	67584
28687	15452
28688	15452
28691	15766
28693	28662
67588	67584
47056	46574
34822	15452
28710	4210
67591	67584
4143	15766
4163	5287
4163	5905
4163	15766
47055	46574
4178	5647
4191	28662
67600	67584
82520	5459
82520	78909
28778	28662
28780	28662
4210	29303
67603	67584
4214	15452
4217	14875
4217	14334
67605	67584
28801	28662
28802	28662
28803	28662
53381	15452
2073	8969
4250	15016
4250	5688
4252	5688
4254	4326
8325	6627
4258	4260
711	78397
4278	15766
4288	22028
20673	14875
4290	29003
20683	5688
20683	4508
20686	5688
67619	67584
20693	29489
12513	3600
12513	15766
12515	8129
12515	5905
12515	4468
53477	15452
61675	15452
4334	15766
20724	14875
67625	67584
4345	61713
46245	15452
20748	21149
20748	21063
86287	87160
86288	86955
61713	8363
61713	61715
61713	61716
61713	61717
61713	61718
61713	61719
61713	61720
61713	61721
61713	61722
61713	61723
61713	61726
61713	61727
61713	61728
61713	61729
61713	61730
61713	61732
61713	61733
61713	61735
61713	61738
61713	61739
61713	61740
61713	61741
61713	61742
61713	61743
61713	61744
61713	61745
61713	61746
61713	61747
61713	61748
61713	61750
61713	61751
61713	61752
61713	61753
61713	61754
61713	61755
61713	61756
61713	61758
61713	61749
61713	61760
61713	61761
61713	61762
61713	61763
61713	61764
61713	61766
61713	61768
61713	61770
61713	61774
61713	61775
61713	61731
61713	54998
61713	864
61713	5860
61713	61765
61713	61736
61713	61737
61713	39701
86335	87207
29003	28288
4428	15766
4457	29457
4457	78397
4458	14334
4464	28662
4465	28662
45429	15452
78217	78397
78224	29489
4503	21507
4503	20965
4503	4508
4503	22028
4503	4506
4505	15452
4506	22028
4508	22028
4508	21518
4508	4509
4508	15904
4508	5688
4508	20677
4508	40264
4508	3535
4508	33237
4508	78827
4508	78828
4508	78829
4508	78830
4508	78831
4508	24019
4508	78826
4509	5688
20901	21098
4533	15452
40351	40352
40351	40353
40351	40354
40351	40355
40351	40356
40351	40357
40351	40358
40351	40359
40351	40360
40351	40361
40351	40362
40351	40363
40351	14510
40351	10558
40351	5850
40351	4572
40351	40677
40351	40678
40351	14313
29124	3904
29124	15452
78292	14875
78292	80300
78293	14875
78293	80300
78294	10885
78294	14616
78294	5810
78294	78299
78294	78295
78294	78297
78294	78298
78294	5467
78294	78302
78294	78304
78294	78305
78294	78306
78294	6640
78294	5878
29144	15452
37341	82733
37341	15916
37341	80375
29159	15452
4585	15766
29163	14474
29163	15452
4589	29457
29167	15452
29168	29755
29182	15452
3904	1829
3904	7463
3904	5290
3904	7742
3904	6006
29189	15452
29192	15452
4632	15452
8965	8717
4642	5282
4642	5547
4642	15813
4642	5291
4642	5647
4642	15805
29224	29457
78397	36525
78397	78398
78399	14680
4680	5647
8972	8969
8973	8969
8974	8969
4696	15766
8975	8969
4703	5905
4703	6627
8340	6627
21098	22015
3703	15766
4722	14334
21126	24168
34925	14027
29329	15766
21142	21145
21149	24168
4766	15452
29344	15005
29366	29489
37565	15766
29376	15452
78552	14334
53981	15452
29406	15452
29420	15452
29431	15452
4857	15766
29434	6627
4861	15766
29457	14508
29457	14514
29457	469
29457	15646
29475	15953
17209	15766
54104	15452
54105	15452
54106	15452
54107	15452
4961	15766
70508	14875
5005	39831
5024	33734
5024	5287
5024	5905
86969	87160
86969	86971
86970	87160
86972	87160
86973	87160
86980	87160
86982	87160
86983	87160
21459	22245
29652	29944
29652	29945
87029	5266
21507	22028
37894	15452
78866	5688
28676	28662
5163	15766
5166	5688
13364	14875
5173	6627
13366	28662
5175	15452
29755	5287
29755	5647
29755	5905
78909	58336
78909	80583
78909	80498
78909	80565
78909	81912
78909	80315
78909	80444
8436	8969
5191	15766
5193	15766
5197	5995
5197	6627
5197	15766
5198	5995
5205	73559
5214	5688
3600	39719
3600	28215
17255	5647
35006	5336
19988	5314
70509	14875
70509	80300
5275	5632
46242	15452
46246	15452
5287	8129
5287	5647
5287	14480
5287	15766
5287	7838
5287	7471
5287	14474
5287	14027
5287	5580
5287	5477
5288	5330
5288	15452
46249	15452
46250	15452
5291	5647
46252	15452
46253	15452
46254	15452
46255	15452
46256	15452
46258	15452
5299	15452
5301	15452
5304	15452
5309	15452
5309	15766
5310	15452
5310	15766
5311	15452
5311	15741
5311	15766
5312	15452
5312	15766
5313	47936
5315	15766
5315	15452
5319	15766
5326	15762
5328	5647
5328	14474
5329	5647
5329	15762
5334	15452
5336	6639
5336	6587
5341	15452
5342	15452
5343	15452
5359	8969
5379	6017
5381	15766
29980	14027
5439	6627
5443	15452
5447	6791
5447	5598
17292	5547
5459	40416
5459	80313
5459	15126
5459	14873
33734	5529
33734	5293
33734	5905
33734	3481
33734	5533
5469	46884
5472	5647
5477	5905
5478	15452
5485	15766
5487	15452
5514	14875
5519	6627
5519	15766
5526	15766
5527	15766
5529	5647
5532	5647
5533	5647
5533	5905
5533	15766
5534	15766
80655	80340
5547	5647
5547	15766
5553	5905
5579	5579
5579	15757
5579	33750
5579	15741
5580	15766
5580	5905
5596	5295
5596	15766
5596	15741
5598	39112
5598	6791
5598	15698
5599	15452
5602	5647
5603	14474
5603	15766
5604	14474
5604	5647
5604	15766
46566	80340
46574	46850
46574	46851
46574	46863
46574	46864
46574	47046
46574	46578
46574	46649
46574	47045
46574	46918
46574	47048
46574	47049
46574	47050
46574	47051
46574	47052
46574	47053
46574	47054
46574	47057
46574	47058
46574	47059
46574	47060
46574	47061
46574	46941
46574	46942
46574	46944
46574	46574
46574	46575
46574	46962
46574	46963
46574	46964
46574	46967
46574	46968
46574	46843
22027	80300
22028	5688
5647	5292
5647	14474
5647	3983
5647	7829
5647	3481
5647	15813
5647	15447
5647	7666
5647	3957
5647	5647
5688	5689
5688	7883
5688	32655
87208	87207
80662	80340
33726	14875
5753	14575
11887	14334
33739	5905
14026	14027
14027	15916
14027	6018
80666	80340
5881	14875
33750	15741
33750	5295
5905	14474
5905	7838
5905	7471
5905	8129
5905	6111
3715	15452
46880	15478
80670	80340
5987	15766
6006	15452
6017	15766
6018	6627
6054	14474
63815	63690
47065	80340
6111	15452
14319	14334
14320	14334
14322	14334
14323	14334
14324	14334
14325	14334
14326	14334
14327	14334
14328	14334
14329	14334
14330	14334
14331	14334
14332	15452
14334	14856
14334	14334
14334	14739
14334	31802
14334	23382
14334	14681
14334	6693
14334	7397
14334	14738
63832	63690
63833	63690
32436	59450
32436	63690
67584	67585
67584	67587
67584	67589
67584	67590
67584	67592
67584	67593
67584	67594
67584	67595
67584	67604
67584	56237
8936	8969
47230	15452
14467	15452
14474	15766
14474	15774
14474	5292
14474	15452
82367	80382
14514	14875
14519	14875
63685	63690
63690	63813
63690	63807
63690	63808
63690	63809
63690	63810
63690	63811
63690	63812
63690	63814
63690	63816
63690	63817
63690	63818
63690	63819
63690	63820
63690	63821
63690	63822
63690	63823
63690	63824
63690	63825
63690	63826
63690	63827
63690	63828
63690	63829
63690	63830
63690	63831
63690	63834
63690	63835
63690	63836
63690	63730
80682	80340
8396	8969
8396	2122
8400	8969
80295	81065
80295	80363
80295	80591
80295	80340
80295	80501
80295	80470
80295	80375
80295	81903
80295	80382
80295	80415
80300	15126
80300	80301
80337	15916
80340	80654
80340	80656
80340	80657
80340	80658
80340	80659
80340	80660
80340	80664
80340	80665
80340	80667
80340	80668
80340	80669
80340	80671
80340	80672
80340	80673
80340	80674
80340	80675
80340	80676
80340	80677
80340	80678
80340	80680
80340	80681
80340	80683
80340	80684
80340	80685
80340	80686
80340	80687
80340	80688
80340	80689
80340	80690
80340	80691
80340	80692
80340	80565
80340	80693
80340	80340
80340	80501
6614	15452
80344	80382
80347	81065
6627	7838
6627	7717
6627	7718
6627	7719
6627	6663
6627	7991
6627	7737
6627	3949
87123	87207
80375	81143
80375	80382
80382	80389
80382	80851
80382	80479
8405	8969
14875	15025
14880	15452
6701	15452
1135	8969
8411	8969
6856	15452
47936	47936
47936	47969
47936	7708
47936	7707
47936	47966
47948	47966
8448	8969
47962	7707
47966	7707
47966	48183
23394	24168
47982	7707
48018	7707
39831	40579
17567	28662
46243	15452
5286	15766
46248	15452
5289	15766
5290	15452
5292	15766
5292	15452
5292	15741
5293	15766
5295	15820
5295	15766
5295	15452
48158	7707
8423	8969
46257	15452
8969	8971
8969	8441
8969	8452
8969	8970
5298	15766
15447	15452
15452	15791
15452	15941
15452	15452
15452	15454
15452	15494
15452	15520
15452	40614
15452	6688
15452	15557
15452	7406
15452	23802
15452	15612
15452	15650
15452	48936
15452	7500
15452	15500
15452	15744
15452	40427
15452	15749
15452	15750
15452	15754
15452	15756
15452	15758
15452	15760
15452	15765
15452	15769
15452	32751
15452	15773
15452	15774
15452	15775
15452	15777
15452	15778
15452	15788
15452	15796
15452	15798
15452	15805
15452	15806
15452	15807
15452	15808
15452	15810
15452	15815
15452	15817
15452	15820
15452	15826
15458	15766
15525	15766
81065	81126
81065	81128
81065	81129
67349	15766
15612	15741
40229	40230
15741	15805
15741	15774
15759	15766
15766	32291
15766	15791
15766	15805
15766	15813
15766	15817
15766	15820
40576	40577
40871	40872
28662	28662
28662	28663
28662	28665
28662	28668
40939	40939
