3	36549
3	10759
3	744
3	10761
3	106
3	203
3	36652
3	2353
3	174
3	113
3	14515
3	118
3	12521
3	2105
3	231
4	256
4	4
4	389
4	8326
4	9
4	8336
4	216
4	59540
4	58286
4	10267
4	3228
4	59554
4	58331
4	5033
4	171
4	301
4	174
4	59566
4	179
4	196
4	203
4	205
4	84
4	32981
4	24534
4	2520
4	29659
4	231
4	2024
4	106
4	2924
4	10349
4	112
4	118
4	1527
4	119
5	14739
40966	825
7	106
7	174
7	36591
9	174
9	118
10	174
40971	33190
81932	3213
28674	29496
28674	28345
57358	5319
81939	78909
45060	15452
81947	80295
29	14739
29	151
30	505
30	4250
30	604
30	174
8239	47307
51	30432
51	8352
51	13988
51	29641
51	10346
51	174
51	113
51	9322
51	106
51	118
51	22461
12004	70344
1375	641
1375	9315
1375	5316
1375	3303
1375	28744
1375	2876
1375	3722
1375	8619
1375	1230
1375	5552
1375	786
1375	2100
1375	1070
1375	5240
1375	1371
1375	4220
1375	7838
69016	70344
57355	5319
68	106
68	10349
68	118
74	10349
76	10349
76	118
76	174
77	3228
77	174
77	118
77	36591
78	10349
78	174
79	10349
79	5205
8402	542
83	106
83	36591
84	3228
84	118
89	174
91	8352
91	10346
91	10349
92	174
93	106
93	10349
94	383
95	3228
95	174
95	118
8288	14739
4112	3600
4112	47307
100	174
100	118
102	34425
103	14739
103	118
104	354
104	33987
104	15268
104	19495
104	9322
104	78253
104	14575
104	4722
106	8326
106	10761
106	3213
106	10755
106	15896
106	14880
106	174
106	450
106	196
106	203
106	9046
106	14555
106	27235
106	744
106	36591
106	10352
106	116
106	118
106	119
106	10360
108	10349
8301	14739
110	15452
110	10349
111	3228
111	174
111	118
112	231
112	10349
112	174
112	118
112	3228
8306	45697
8306	17973
116	13320
116	174
116	10759
8309	4465
8309	28331
8309	854
8309	28725
8309	558
118	36610
118	10755
118	10756
118	10757
118	10758
118	29833
118	527
118	272
118	4250
118	3228
118	8352
118	10352
118	8326
118	1527
118	171
118	172
118	173
118	174
118	176
118	177
118	178
118	179
118	181
118	183
118	184
118	186
118	188
118	189
118	190
118	191
118	192
118	193
118	203
118	196
118	197
118	198
118	200
118	201
118	10443
118	205
118	206
118	208
118	210
118	212
118	10459
118	29660
118	29650
118	5611
118	29922
118	10343
118	744
118	10346
118	10349
118	118
118	119
118	121
119	8352
119	231
119	10346
119	10349
119	174
119	10389
121	8352
121	10346
121	174
123	14739
123	151
124	30432
124	14739
124	29933
125	920
125	9322
126	7991
126	2100
126	8335
126	142
126	527
8319	10389
8319	42213
128	14739
129	7991
129	2100
129	3213
129	142
129	151
130	30432
130	9322
130	151
130	29933
130	14739
130	7991
131	360
131	556
131	508
131	1277
131	231
133	47307
133	2100
133	142
8326	10349
8326	174
8326	3228
8327	10349
8327	174
49288	3108
8330	3228
140	505
8334	10349
8334	174
143	7968
143	7745
143	2842
143	142
143	5422
143	2100
143	3854
143	1622
143	29018
143	39707
143	925
143	446
144	744
144	47307
144	29933
144	142
144	8335
144	14739
144	2100
146	28355
146	3303
146	7991
146	29933
146	142
146	2100
146	151
8339	3228
148	3117
148	8630
149	493
151	14474
151	34946
151	14480
151	5905
151	33810
151	9315
151	19097
151	5533
151	3481
151	30106
151	4143
151	7838
151	33695
151	5024
151	8612
151	35237
151	19494
151	5287
151	425
151	27434
151	33241
151	429
151	7471
151	17714
151	7991
151	33722
151	29755
151	3850
151	33682
151	8129
151	4163
151	33860
151	9313
151	457
151	714
151	971
151	5580
151	719
151	34900
151	34771
151	2516
151	1622
151	29732
151	34778
151	10715
151	34909
151	4703
151	30432
151	1377
151	34402
151	28667
151	4072
151	9322
151	3697
151	7666
151	3704
151	33785
151	656
151	4988
152	498
152	508
153	30432
8346	10346
156	14739
156	8630
156	47307
82077	15126
82078	15126
82079	15126
8352	198
8352	214
8352	8595
8352	10468
8352	197
8352	10758
8352	744
8352	10761
8352	10346
8352	5611
8352	172
8352	10349
8352	174
8352	401
8352	204
8352	186
82081	15126
8355	5552
8355	33777
8355	4110
8355	3351
164	5459
164	3213
49321	35156
170	174
171	174
172	10346
172	174
174	10752
174	10753
174	10754
174	10755
174	10756
174	10757
174	10758
174	10759
174	10760
174	10761
174	10763
174	10765
174	10766
174	527
174	540
174	547
174	549
174	2106
174	10762
174	33294
174	604
174	2659
174	10343
174	10349
174	10366
174	10389
174	4250
174	3228
174	178
174	179
174	181
174	182
174	183
174	184
174	186
174	188
174	189
174	190
174	191
174	193
174	10443
174	196
174	197
174	198
174	200
174	201
174	203
174	204
174	207
174	208
174	210
174	723
174	5753
174	4314
174	231
174	744
174	233
174	251
174	256
174	36609
174	276
174	804
174	306
174	9045
174	1884
174	5178
174	1895
174	389
174	8601
174	4506
174	4508
174	1959
174	5033
174	8626
174	452
174	29660
174	478
174	5611
174	10226
174	1527
174	505
174	510
8367	3228
8367	4110
178	10349
179	10349
181	3228
181	10349
184	489
186	10346
186	10349
186	9322
187	78480
189	10349
190	10349
196	231
196	786
197	10346
198	3228
199	36591
201	3228
201	10349
8394	542
203	231
203	13320
203	10349
203	2105
204	10346
32977	51810
8403	542
212	10346
214	10346
8407	542
216	3228
216	42213
8409	542
8410	542
8411	542
8412	542
8413	542
8414	542
8415	542
8416	542
6864	47307
8418	542
8419	542
8420	542
8421	542
8422	542
231	8601
231	42213
231	646
231	36550
231	36551
231	13320
231	12521
231	10349
231	36591
231	10389
231	36566
231	36668
231	255
8424	542
233	10349
8426	542
8427	542
8428	542
238	30432
238	9814
8431	21024
8431	26690
8431	26413
8431	20691
8431	1243
8431	542
8432	542
8433	542
8434	542
8435	542
8436	542
33013	10349
8438	542
8439	542
33016	10349
249	14739
8442	542
251	1352
8444	542
45098	14739
254	13320
254	9322
254	5205
254	10759
255	12521
255	15452
256	10349
8449	542
8450	542
8451	542
8452	542
261	14739
261	493
261	47307
262	14739
262	8630
262	47307
8455	542
8456	542
8457	542
266	7666
266	9322
8459	542
8460	542
8461	542
8462	542
49679	46879
8465	542
8466	542
8467	542
8469	542
8470	542
280	3213
280	1550
8473	542
8474	542
4143	4163
4143	3303
4143	142
4143	3600
4143	34932
4143	3191
4143	2100
8476	542
8477	542
8478	542
8479	542
8480	542
8481	542
8482	542
8483	542
292	10349
8485	542
8485	36478
8486	542
8487	542
8488	542
8489	542
8490	542
8491	542
300	2100
300	4110
300	3351
8494	542
8495	542
8496	542
8497	542
8499	542
8500	542
8501	542
8502	542
8503	542
41272	10389
8505	542
8506	542
315	10349
8508	542
8509	542
318	8630
318	1622
28725	36591
8512	542
8513	542
8514	542
8515	542
8516	542
8517	542
326	4722
8519	542
8520	542
8521	542
8522	542
34927	47307
34927	46879
332	47307
8525	542
8526	542
335	354
335	33987
335	4722
335	527
8528	542
8529	542
8530	542
8531	542
8532	542
341	14739
342	28667
8535	542
344	14739
8537	542
8538	542
8539	542
8540	542
8541	542
8542	542
8543	542
8545	542
354	12515
354	19495
354	4589
354	4722
354	4468
354	17655
354	4794
354	2556
354	4734
8547	542
8548	542
8549	542
8468	542
8551	542
360	45096
8553	542
8554	542
8555	542
8556	542
8557	542
8558	542
8559	542
368	47307
8561	542
8562	542
8563	542
8564	542
8565	542
8566	542
8568	542
8569	542
3013	72807
3013	3945
3013	72813
3013	72782
3013	72783
3013	72788
3013	72789
3013	72790
3013	72809
3013	2965
8571	542
41340	508
31466	1399
382	29933
382	454
382	3213
383	14563
383	11784
383	3213
383	68237
383	14640
383	11667
383	68323
383	32698
383	68252
383	6778
8576	542
8577	542
8578	542
33155	3575
388	15452
388	10349
390	10346
392	47307
393	15452
393	807
8592	3228
401	10346
401	3228
8594	429
8594	8630
4163	641
4163	3592
4163	14474
4163	786
4163	3860
4163	5024
4163	5287
4163	5290
4163	5552
4163	1586
4163	2100
4163	8630
4163	457
4163	5197
4163	9315
4163	4696
4163	4703
4163	5603
4163	5477
4163	3303
4163	3220
30105	14739
8601	12521
8601	10349
5530	3228
5530	4110
8606	3228
53479	807
416	14739
8609	5178
419	547
419	452
419	489
419	142
419	591
419	498
419	2100
419	565
419	457
419	505
419	508
8612	9315
8612	5477
8612	14474
8612	5552
8612	8630
8612	3228
421	30432
424	47307
425	5632
425	5314
425	457
425	3117
425	493
425	656
425	498
425	489
425	34425
8618	3228
8619	5551
8619	3228
8620	42213
8620	10349
8620	10389
429	30432
429	9322
429	1550
432	14739
432	29933
45128	14739
8626	69248
8626	9322
8626	10349
8626	73631
435	2100
435	142
437	32526
437	558
437	3213
437	1230
8630	17921
8630	11691
8630	34312
8630	15890
8630	1572
8630	9905
8630	28201
8630	13359
8630	13362
8630	565
8630	15926
8630	15928
8630	15930
8630	17759
8630	575
8630	19533
8630	28751
8630	2129
8630	33882
8630	34396
8630	9315
8630	622
8630	3703
8630	14474
8630	14480
8630	28311
8630	667
8630	1189
8630	5290
8630	5293
8630	1200
8630	15025
8630	14514
8630	4278
8630	20673
8630	1221
8630	5580
8630	28279
8630	19660
8630	12513
8630	12515
8630	17639
8630	3309
8630	750
8630	34546
8630	755
8630	245
8630	15608
8630	5881
8630	2299
8630	15629
8630	789
8630	15126
8630	1822
8630	3874
8630	1847
8630	10805
8630	17742
8630	17752
8630	1372
8630	34655
8630	5478
8630	913
8630	4839
8630	4985
8630	5439
8630	35221
8630	35215
8630	35216
8630	35217
8630	35218
8630	35219
8630	35220
8630	17301
8630	35222
8630	5529
8630	5024
8630	5547
8630	11692
8630	5563
8630	17855
8630	24012
8630	4562
8630	4430
8630	4568
8630	14298
8630	4574
8630	490
8630	493
8630	34812
8632	10389
8632	42213
8633	3228
442	2100
442	142
444	2100
444	142
446	925
447	706
447	14739
447	47307
8640	3228
450	15452
450	46594
450	1622
33219	14739
452	11680
452	604
452	10759
452	508
452	20684
452	527
452	5178
452	11702
452	505
452	5688
452	2137
452	4250
452	540
452	1277
452	11679
454	10808
454	4217
454	14739
454	11687
455	45096
456	47936
456	3713
456	3431
456	3204
456	1061
456	3303
456	3433
456	5313
456	32087
456	3756
456	4110
456	3408
456	47982
456	3351
456	17914
457	1377
457	5314
457	12519
457	11784
457	491
457	5580
457	142
457	3600
457	7991
457	2100
457	565
457	7745
457	77593
457	35161
457	35162
457	508
457	17661
463	2105
463	36591
463	1567
31480	786
468	2105
468	1567
469	30432
469	9322
471	2105
471	1567
33241	33785
33241	5287
81999	17973
482	489
489	904
489	142
489	784
489	531
489	536
489	538
489	1317
489	946
489	558
489	560
489	690
489	564
489	572
489	706
489	725
489	604
489	762
489	736
489	741
489	616
489	489
489	491
489	493
489	494
489	498
489	937
489	632
489	506
489	508
490	15452
490	807
491	736
491	611
491	913
491	498
491	632
492	2262
493	1504
493	1824
493	702
493	1829
493	1830
493	138
493	572
493	946
493	612
493	1370
493	15452
493	1822
493	1823
495	498
495	558
495	663
8688	3228
497	1610
497	45580
497	6982
498	642
498	40579
498	519
498	76427
498	1550
498	786
498	1306
498	76442
498	927
498	545
498	4260
498	1317
498	76455
498	816
498	2100
498	7991
498	7745
498	673
498	714
498	10196
498	142
498	12376
498	2016
498	611
498	616
498	40554
498	6006
498	762
498	508
498	76413
8691	3303
505	1412
505	1884
505	3213
505	21521
505	5166
505	4507
505	33884
505	5162
505	565
505	3648
505	547
505	604
505	3050
505	10351
505	4215
505	764
505	766
505	3583
508	448
508	642
508	1317
508	519
508	11784
508	714
508	663
508	786
508	558
508	616
508	565
508	835
509	9322
509	10759
515	47307
518	641
519	641
519	725
519	854
519	663
33289	47307
49675	46879
49676	46879
49677	46879
33294	14739
33294	10349
527	10759
527	13320
527	142
527	11791
527	14736
527	11667
527	11671
527	920
527	4250
527	11678
527	934
527	45096
527	11691
527	2100
527	11702
527	10808
527	5178
527	78397
527	2238
527	963
527	5688
527	527
527	604
527	1246
527	10349
527	11773
527	1277
49680	46879
49681	80340
49681	46879
49682	46879
532	10759
532	142
532	920
532	2100
532	15126
532	5688
532	2238
20569	1548
536	588
536	897
536	557
536	840
536	1965
536	1966
536	1967
536	1968
536	1969
536	1970
536	1971
536	1972
536	1973
536	1974
536	1975
536	1976
536	1977
536	1978
536	1979
536	1980
536	1981
536	1982
536	1983
536	1984
536	1985
536	1986
536	1987
536	1988
536	1989
536	1990
536	1991
536	1992
536	1993
536	1994
536	1995
536	1996
536	1997
536	1998
536	1999
536	2000
536	2001
536	2002
536	2003
536	1902
536	891
538	854
540	20684
540	5688
540	5178
540	604
542	2073
542	542
542	8764
542	8971
542	8972
542	8936
542	8790
542	8975
542	1135
542	1149
542	1150
542	9024
542	8380
542	8388
542	8391
542	8395
542	8396
542	8397
542	8398
542	8399
542	8400
542	8401
542	8404
542	8405
542	8406
542	8408
542	8417
542	8423
542	8425
542	8430
542	8437
542	8440
542	8441
542	8443
542	8445
542	8446
542	8447
542	8448
542	8453
542	8454
542	8463
542	8464
542	8472
542	8475
542	1243
542	8484
542	8492
542	8493
542	8498
542	8504
542	8507
542	8510
542	8511
542	8518
542	8523
542	8524
542	8527
542	8534
542	8536
542	8546
542	8550
542	8552
542	8560
542	8570
542	8572
542	8573
542	8574
542	8575
542	8579
542	5359
542	1964
544	15938
544	20740
544	5373
544	550
544	890
544	10351
544	21459
544	1237
544	2262
544	804
544	580
544	20666
544	20667
544	5277
544	2398
545	558
545	663
547	804
547	23663
547	17234
547	591
548	963
549	5277
550	723
550	804
550	10759
554	982
556	14739
558	2048
558	28288
558	5198
558	854
558	6017
558	3082
558	1548
558	28301
558	1550
558	28333
558	1552
558	786
558	919
558	641
558	3354
558	28357
558	28195
558	1062
558	1063
558	23721
558	5035
558	3701
558	1586
558	17327
558	15538
558	28214
558	1336
558	825
558	2362
558	5279
558	7644
558	1213
558	2366
558	28223
558	28224
558	28229
558	28231
558	28235
558	28236
558	28365
558	1230
558	719
558	592
558	851
558	596
558	28366
558	4310
558	20440
558	2396
558	28253
558	29280
558	3169
558	28386
558	995
558	28198
558	28327
558	8173
558	2482
558	2621
558	28272
558	28402
558	5747
558	628
558	28222
558	3704
558	4857
558	1278
560	961
562	9322
563	2048
563	34425
563	5632
563	3647
564	34425
565	604
565	7991
565	142
565	2100
565	78553
567	9322
572	1622
572	641
82496	17973
581	5632
581	34425
581	5688
82502	17647
49737	37321
49737	17973
49737	3213
586	680
586	961
586	612
591	961
597	1610
597	45580
597	6982
597	3647
599	1545
599	690
599	2100
599	1550
600	641
600	786
600	10187
600	2100
603	5688
604	78839
604	2051
604	3557
604	11691
604	2638
604	804
604	5688
604	639
604	4508
38330	80337
33378	45096
611	52742
611	28722
611	5236
611	12377
612	680
612	961
622	36598
622	3303
622	142
622	2100
622	35960
623	663
625	14739
628	6017
628	5380
628	5381
628	774
628	641
628	10250
628	3863
628	1548
628	4623
628	19985
628	786
628	10259
628	17175
628	4280
628	17317
628	1062
628	1063
628	17193
628	1586
628	2482
628	4979
628	3382
628	3697
628	1336
628	1593
628	919
628	5293
628	18241
628	5580
628	5197
628	4558
628	719
628	3281
628	3283
628	3284
628	5198
628	854
628	4857
628	851
628	7644
628	3293
628	17265
628	4961
628	3298
628	3303
628	3307
628	3948
628	8173
628	3312
628	3057
628	3923
628	3701
628	2169
628	6781
82550	80295
46595	3647
641	1541
641	1543
641	1545
641	10250
641	1548
641	1550
641	4623
641	3600
641	19985
641	10259
641	1062
641	1066
641	1068
641	1070
641	1586
641	2100
641	3127
641	1593
641	7742
641	2117
641	5197
641	5198
641	29280
641	6756
641	3180
641	3697
641	3701
641	2169
641	3714
641	3206
641	3722
641	17175
641	142
641	663
641	12451
641	28331
641	5293
641	686
641	693
641	7644
641	714
641	719
641	3283
641	3284
641	4309
641	889
641	86233
641	86234
641	3293
641	3298
641	3303
641	3307
641	3312
641	31478
641	4857
641	765
641	86273
641	5380
641	5381
641	774
641	786
641	3863
641	7458
641	17193
641	86322
641	3382
641	1336
641	825
641	2362
641	3904
641	18241
641	86345
641	17746
641	3923
641	1364
641	854
641	4961
641	3948
641	17265
641	4979
641	5492
641	40313
641	29051
641	6017
641	40322
641	919
641	927
641	18339
641	17317
641	936
641	2482
641	949
641	3015
641	5580
641	4558
641	1955
641	985
641	3036
641	8173
641	3057
641	851
641	1526
642	47307
643	15452
80662	80340
41610	5316
656	1377
656	7991
656	29933
656	142
656	14739
656	2100
663	4224
663	1538
663	4227
663	854
663	905
663	663
663	1548
663	4226
663	4247
663	4252
663	4254
663	4260
663	1317
663	4264
663	1067
663	1070
663	4285
663	4287
663	3141
663	5974
663	985
663	4320
663	4330
663	775
663	1911
82586	78909
80666	80340
674	3559
80667	80340
8305	11784
684	15953
686	2048
686	730
17077	4110
17078	4110
695	15452
17080	1610
17080	45580
17080	4786
17080	6982
8308	46594
700	15452
17086	47307
703	14739
706	940
706	2128
706	2098
706	2261
706	2262
706	2075
706	2076
708	807
708	3303
711	963
713	3303
714	9322
719	20614
719	5995
719	1230
719	7991
719	1586
719	5198
719	12376
25297	14736
723	804
17114	2255
733	807
17118	4110
17119	4110
736	2100
736	20684
736	142
738	40845
17124	3351
17124	3303
17125	3303
17125	1399
742	786
742	14739
744	1377
744	10346
744	14739
744	9322
17133	47307
756	1079
82678	17973
82679	78909
17146	47307
127	2100
127	142
764	34425
764	3669
17150	4110
17150	3351
17151	3303
768	3228
768	3015
771	1610
771	45580
771	6982
17156	15810
17156	5604
17156	33766
17156	3303
17156	36598
17156	15612
773	1586
774	5552
774	1586
8321	3228
17161	5197
17161	3303
41739	4110
41739	3351
17164	3303
781	35960
781	36598
784	46594
784	1622
17169	3303
786	39694
786	854
786	1541
786	11529
786	906
786	1548
786	40845
786	142
786	3600
786	4696
786	786
786	28435
786	39705
786	39706
786	39707
786	4250
786	34468
786	39665
786	5974
786	39724
786	5293
786	1070
786	1586
786	2100
786	2106
786	1213
786	3011
786	2117
786	28230
786	40392
786	10187
786	5198
786	39631
786	39632
786	28792
786	851
786	1364
786	1550
786	4822
786	40313
786	12376
786	730
786	1371
786	39738
786	40289
786	5995
786	15724
786	914
786	17265
786	39671
786	1492
786	889
786	3198
787	14739
17175	1586
17175	3303
8985	36478
1498	807
82718	17973
8325	6627
8325	3228
17184	3303
804	1411
804	5683
804	2051
804	2638
804	5690
804	1891
804	47325
804	78331
134	30432
134	9322
134	9814
807	53379
807	53380
807	53381
807	53383
807	53512
807	53389
807	15760
807	27409
807	1300
807	53398
807	53399
807	3228
807	53408
807	7457
807	53411
807	53415
807	53404
807	45043
807	39732
807	53492
807	10435
807	1352
807	10185
807	29643
807	10444
807	9294
807	29141
807	857
807	859
807	5342
807	6695
807	3942
807	29159
807	53480
807	53481
807	4467
807	47988
807	53494
807	3604
807	53501
807	29182
17193	1586
17193	3303
49287	3108
812	9322
17197	3303
8328	46879
9011	5688
9011	10349
9011	10351
9012	10349
9012	10351
17206	3303
17209	3303
82747	3213
82748	3213
17213	3303
17214	3303
68405	70344
17225	3303
842	14739
843	15452
17228	3303
17234	6111
17234	3592
17234	10250
17234	3468
17234	15757
17234	4110
17234	33807
17234	33808
17234	28689
17234	18197
17234	15768
17234	15774
17234	67231
17234	928
17234	11297
17234	67234
17234	67236
17234	67237
17234	5596
17234	67246
17234	5295
17234	5552
17234	15793
17234	7838
17234	67254
17234	5559
17234	67256
17234	4666
17234	5599
17234	5309
17234	2878
17234	5311
17234	29280
17234	15810
17234	36598
17234	67233
17234	5579
17234	4642
17234	3279
17234	5328
17234	5329
17234	5330
17234	67235
17234	32084
17234	6106
17234	5327
17234	15452
17234	5647
17234	17247
17234	17248
17234	10256
17234	9315
17234	5604
17234	33766
17234	3303
17234	33768
17234	5310
17234	14474
17234	35960
17234	67579
17234	15612
17234	15741
17234	3198
17235	11297
17235	4642
17235	9315
17235	5477
17235	2023
17235	14474
17235	3303
17235	3279
17235	5552
17235	32084
17235	34904
17235	4666
17235	5647
17235	15452
17235	15741
17235	7838
17235	17247
9045	10349
9046	10349
9046	36591
17239	4110
17239	3351
17243	33778
17243	17244
17243	15813
17243	4110
17243	3351
17244	47936
17244	5313
17244	7707
17244	3432
17244	3433
17244	3466
17244	17292
17244	47939
17244	3351
17244	3868
17247	17248
17247	5315
17247	5604
17247	5596
17247	10250
17247	3468
17247	15757
17247	4110
17247	5295
17247	18197
17247	15452
17248	5604
17248	34506
17248	29163
17248	4110
17248	5295
17248	18197
17248	15452
17248	15774
8336	3228
17250	4110
17250	3351
17251	4110
17252	5688
17255	33860
17255	5647
49298	3108
17263	5552
17263	3351
17263	3303
17265	3298
17265	3131
17265	5380
17265	3303
17265	3722
17265	3191
17265	5197
17265	1070
17265	1586
17265	9315
17265	2100
17265	35253
17265	2103
17265	4558
17265	4857
17265	17882
17265	29051
17266	4110
41843	14739
31550	31540
887	47307
887	46879
889	12376
889	2100
889	1550
890	20684
890	26383
17276	14739
9087	1243
46571	3647
17286	2255
33672	3213
17289	2255
17292	47936
17292	1061
17292	3432
17292	4110
17292	3918
17292	3351
17293	15452
913	45096
914	14739
17300	2255
17301	10808
17301	47307
919	1586
919	3303
925	3169
925	28698
925	28799
928	29144
929	6111
929	2100
929	4110
929	3303
930	2876
930	15452
930	4110
930	6111
17317	1586
8348	2876
938	4110
938	3351
939	2100
939	4110
942	1622
17327	40426
17327	28203
17327	2255
17327	3127
17327	8090
944	14739
33713	14739
17331	3351
949	61574
949	3303
17334	2876
954	14739
954	1277
8351	3228
17341	14739
33726	14739
33726	47307
33726	46879
82080	15126
962	78217
963	2051
963	23750
963	78217
963	78553
17348	4110
17350	5552
17351	37321
17351	17973
33736	9814
971	3704
971	9322
971	14739
971	7991
33748	19794
33749	9315
33750	5292
33750	2876
33750	18197
33750	4110
41943	10349
33752	5552
33752	3303
33758	5579
33766	5604
33766	4110
33768	5603
33768	3592
33768	10250
33768	67240
33768	15805
33768	10256
33768	15793
33768	5559
33768	5327
33768	5596
33768	15741
33768	6111
1002	34425
1002	1622
9196	9195
33774	3351
1007	10349
33776	10250
33776	9315
33776	5647
33777	3713
33777	5507
33777	10248
33777	10249
33777	14474
33777	10251
33777	10252
33777	10254
33777	3351
33777	6040
33777	3481
33777	3229
33777	5282
33777	1061
33777	5287
33777	5547
33777	5533
33777	5552
33777	17855
33777	47936
33777	5313
33777	3918
33777	3026
33777	40406
33777	32087
33777	9315
33777	5351
33777	5607
33777	2879
33777	5502
33778	4642
33778	4110
33778	3351
33785	5287
33790	14739
1536	9322
33795	4110
33795	3351
33799	4110
8364	3228
33804	19794
33804	19796
33804	19798
33805	45697
33806	9315
8365	3228
8365	2876
8365	4110
58384	10389
58384	5205
33810	34616
33810	15581
58387	10349
8366	3228
33815	9315
33815	32084
1053	14739
8368	3228
8368	4110
1061	5313
1061	3233
1061	2986
1061	3351
1061	4110
1061	1622
1061	3127
1062	1586
1062	28279
1063	7644
1063	1586
1063	3303
1066	3303
1067	3303
8370	3228
1070	4558
1070	4334
33840	3303
8371	3228
1079	3303
33860	1377
33860	5604
33860	14474
33860	5287
33860	7666
33860	3695
33860	5328
33860	3697
33860	4178
33860	5647
33860	5532
33860	5533
33860	2879
46604	3647
8375	5552
8375	3303
6856	15452
9294	15452
33872	7666
33882	47307
33884	2048
33884	37321
33884	3213
33884	1230
33884	17973
33884	34940
33884	37341
33885	46594
33885	46879
58464	35960
9313	30432
9313	3303
9313	1550
9315	10245
9315	5647
9315	7698
9315	7712
9315	11297
9315	4666
9315	29755
9315	5191
9315	3656
9315	5195
9315	4178
9315	4110
9315	34903
9315	4696
9315	28252
9315	5527
9315	15461
9315	34406
9315	9321
9315	9322
9315	3697
9315	11378
9315	28279
9315	3704
9315	4220
9315	14474
9315	14480
9315	28311
9315	7838
9315	3231
9315	5282
9315	5287
9315	5291
9315	5292
9315	5293
9315	3271
9315	5328
9315	3284
9315	3297
9315	12514
9315	3309
9315	5380
9315	5381
9315	5905
9315	3871
9315	3873
9315	29480
9315	3885
9315	7471
9315	2879
9315	19800
9315	5477
9315	6017
9315	3990
9315	5512
9315	33685
9315	2966
9315	5529
9315	15768
9315	3481
9315	5533
9315	5024
9315	8177
9315	5547
9315	5548
9315	33715
9315	17855
9315	8129
9315	15813
9315	5580
9315	33751
9315	20440
9315	5604
9315	7666
9318	17973
9319	14739
9320	46594
9320	47307
9320	3647
9321	5905
9321	3231
9322	32771
9322	22027
9322	23052
9322	1550
9322	29224
9322	4359
9322	15405
9322	605
9322	31801
9322	29766
9322	4683
9322	4684
9322	2643
9322	2645
9322	34906
9322	34909
9322	19557
9322	15466
9322	29800
9322	10346
9322	35011
9322	15526
9322	14508
9322	14514
9322	1206
9322	35010
9322	15555
9322	35012
9322	35013
9322	35014
9322	35015
9322	35016
9322	35017
9322	35018
9322	35019
9322	35020
9322	35021
9322	35022
9322	35023
9322	35024
9322	35025
9322	35026
9322	35027
9322	35028
9322	35029
9322	35030
9322	35031
9322	35032
9322	35033
9322	35034
9322	35035
9322	35036
9322	35037
9322	35038
9322	35039
9322	35040
9322	35041
9322	35042
9322	35043
9322	35044
9322	35045
9322	35046
9322	35047
9322	35048
9322	35049
9322	35050
9322	35051
9322	35052
9322	35053
9322	35054
9322	35056
9322	35057
9322	35058
9322	35059
9322	35060
9322	35061
9322	35062
9322	35063
9322	35064
9322	35065
9322	35066
9322	35067
9322	35068
9322	35069
9322	1281
9322	32519
9322	15575
9322	791
9322	15646
9322	15670
9322	18242
9322	2378
9322	32604
9322	34653
9322	1377
9322	4457
9322	892
9322	14739
9322	13204
9322	9322
9322	11671
9322	35055
9322	3997
9322	15264
9322	27553
9322	2469
9322	4010
9322	5035
9322	8268
9322	10701
9322	29650
9322	4589
9322	29679
9322	35070
9322	11773
9331	47307
46613	47096
46613	47127
46613	47095
34955	5647
8390	4110
1199	5688
1199	5178
1200	46879
1206	30432
33977	14739
33987	12515
33987	19495
33987	4589
33987	4722
33987	4468
33987	17655
33987	4794
33987	2556
33987	4734
859	47307
1229	3213
1230	34402
1230	29732
1230	4805
1230	81884
1230	3213
1230	34771
1230	7991
1230	12376
1230	30106
1230	28667
1230	34940
1233	2842
17619	70344
1237	21459
1237	26405
1237	2398
1237	26695
2129	6106
1241	5178
1243	23619
1243	2021
1243	23881
1243	2124
1243	1244
1246	5688
1246	10759
42212	5205
42213	63104
42213	10436
42213	10437
42213	13320
42213	33021
42213	8369
42213	10389
42213	253
42213	41406
42213	5205
17639	1622
42221	5205
17647	81782
82695	78909
42225	5205
42229	10349
9462	15452
9462	4110
9462	5647
17655	4722
1272	1622
32980	51810
42237	10349
1278	45096
1278	78217
1278	982
1278	11671
1278	78397
1279	45096
42240	51810
2944	1586
67420	4110
13869	70344
1296	17321
1296	40685
17695	20770
17695	43925
86243	87151
17709	39706
17709	20614
17714	5287
17714	1550
32990	7666
1334	3303
1336	3303
1336	1548
1336	1586
1336	851
1336	854
1336	825
1336	7644
17722	4110
17734	15452
1352	3213
17738	10170
17739	29311
17739	2255
17740	15452
12514	5552
1360	14739
1360	3303
17747	40416
17747	82561
17747	37321
17747	3213
17747	17747
17747	17973
1364	1363
1364	40564
1364	28789
1364	2100
1364	40314
1364	29051
1364	40799
1367	3176
1367	4110
1371	47307
1373	29344
1373	7688
1373	4329
1373	1520
1373	1502
1373	40698
1373	1566
17758	80337
53477	15452
1377	30432
1377	142
1377	7666
1377	14739
1377	2100
1378	14739
3592	11297
3592	5603
3592	3228
3592	10250
3592	59085
3592	5326
3592	5295
3592	59347
3592	59349
3592	4110
3592	5647
3592	2876
3592	14474
3592	2878
3592	5311
1383	14739
1383	1622
1384	14739
17771	10349
42873	80337
1393	15452
1393	1622
17778	10759
1399	2049
1399	2050
1399	4110
1399	2960
1399	3229
1399	3233
1399	5287
1399	5548
1399	5294
1399	5314
1399	3527
1399	31432
1399	31433
1399	31442
1399	31443
1399	3164
1399	3945
1399	3952
1399	31474
1399	2934
1399	17914
1399	3323
17788	30432
34178	3213
1411	26745
1414	46879
17816	29311
17855	4110
17855	7471
17855	5647
248	248
248	9907
248	3647
1492	6756
1492	2100
1492	5197
1492	5191
17882	29051
17884	35960
17888	10759
1516	28789
75245	3213
75245	75246
253	5205
253	36591
58867	4110
17909	46879
17911	3647
26105	14739
17914	3351
17914	4110
80810	80392
33024	51810
1541	29051
1541	5995
1541	5198
1541	2100
1541	12376
1541	34932
1541	39707
1548	40675
1548	3474
1548	3480
1548	1586
1548	851
1548	854
1548	3450
1548	7644
1548	19454
1550	142
1550	28435
1550	927
1550	28576
1550	5414
1550	19497
1550	2100
1550	14027
1550	20045
1550	5198
1550	20047
1550	12376
1550	5995
1552	28403
1552	28236
1552	4310
1552	28198
20740	26690
20740	26682
1562	14736
80815	80392
1567	36548
1567	36549
1567	29868
1572	14739
1572	47307
80817	80392
1586	6017
1586	3714
1586	5380
1586	5381
1586	10250
1586	3863
1586	3727
1586	19985
1586	10259
1586	4264
1586	5293
1586	2482
1586	3382
1586	3127
1586	1593
1586	6075
1586	3722
1586	18241
1586	5492
1586	5580
1586	5197
1586	4558
1586	3281
1586	3283
1586	3284
1586	5198
1586	854
1586	3927
1586	851
1586	4623
1586	7644
1586	3293
1586	4961
1586	3298
1586	3303
1586	3307
1586	3948
1586	8173
1586	3312
1586	3057
1586	4979
1586	3697
1586	3701
1586	4088
1586	4857
1586	6781
80819	80392
17238	5163
17238	4110
17238	3351
17973	35712
17973	3203
17973	3213
17973	52496
17973	15505
17973	3218
17973	28309
17973	15126
17973	3098
17973	3099
17973	35100
17973	3233
17973	45097
17973	80300
17973	3117
17973	19886
17973	20022
17973	14519
17973	81065
17973	4794
17973	80317
17973	78782
17973	14325
17973	4805
17973	80584
17973	37321
17973	81884
17973	15953
17973	27349
17973	43925
17973	5476
17973	80762
17973	4091
17973	4196
17973	27365
17973	34940
17973	3050
17973	3669
17973	5459
17973	10229
17973	3575
17973	19578
17973	73599
17973	19452
17973	7421
17973	80382
17973	3221
1593	3303
1595	10759
1601	1610
1601	45580
1601	6982
4363	46594
1607	26325
1607	3647
1609	46594
1609	3647
1610	10208
1610	5169
1610	6982
1610	45580
1610	1610
1610	5452
1610	6703
1610	4560
1610	4625
1610	26325
1610	4598
1610	6839
1610	5465
1610	10202
1610	35102
1610	3647
1612	34425
1612	3559
1622	14474
1622	142
1622	15637
1622	34966
1622	1883
1622	3117
1622	5299
1622	2100
1622	4696
1622	34395
1622	10855
1622	29182
34395	14739
34396	14474
34396	15452
34396	15757
9823	4110
34405	7666
34406	7666
34406	14739
34408	7666
34408	14739
34411	14739
34412	14739
34412	15452
34413	14739
34415	7666
34415	14739
34416	15452
9843	14739
34425	5632
34425	5411
34425	5166
34425	29174
34425	46589
34425	3647
34428	15452
80833	80392
45883	45682
34443	34443
34444	15452
9879	7471
9888	10349
9888	10759
67233	67472
67233	67473
67233	67471
67234	67308
67236	67265
67236	67305
67236	67307
67236	67311
67236	67281
67236	48820
67236	18197
67240	67244
67240	34506
67240	67308
67240	67350
67240	67351
67240	67353
67240	66558
34478	3108
34478	2876
67248	67254
59059	2876
59061	2876
67254	67489
67254	67522
67254	67558
67254	67635
67254	67582
67254	67474
67254	67475
67254	67476
67254	67317
67254	67478
67254	67479
67254	67737
67254	67482
67254	67487
67254	67484
67254	67581
67254	67486
67254	67477
59064	2876
59066	2876
67261	67339
67271	48820
67271	18197
9929	47307
34506	15452
34506	4110
9935	47307
26325	2048
26325	5632
26325	6982
26325	45580
26325	5370
26325	29546
26325	3647
9942	35960
9942	36598
33061	5205
9952	10250
18145	4110
18145	3351
18146	14739
42740	47307
67317	67579
67317	67638
67317	67733
26367	10759
67346	67408
67346	48820
67346	18197
67346	67373
36613	36478
1813	15452
1819	3015
67358	4110
42783	14739
67360	15452
67361	15452
67362	15452
67364	15452
67365	15452
67366	15452
67367	15452
67368	15452
26409	26408
26410	26408
10038	5477
34616	2556
10044	80340
18239	15452
18241	3303
1862	11824
80865	80392
1866	3231
34641	14474
34642	14474
34643	14474
34644	14474
34645	14474
34646	7666
34647	7666
34648	7666
34649	7666
34650	7666
1883	14739
1884	10349
67421	4110
34654	47307
80869	80392
34656	30432
34657	30432
34658	30432
34659	30432
34659	23082
34659	9814
1901	47224
42863	20614
18288	14739
34673	9814
33086	4722
1911	4353
1911	4354
1911	4355
1911	4356
1911	4263
1911	4296
1911	1939
1911	4260
67449	4110
42874	14739
67451	4110
67453	4110
34688	7471
67457	4110
1939	4260
18332	14474
18335	20614
1952	80337
18339	2100
18339	29311
1956	2842
1959	10349
1959	1277
10168	3233
10168	4110
10170	4232
10170	29174
10170	10393
10170	3647
10170	5469
10170	4287
10171	4264
10171	2048
10171	3647
10180	5163
3885	7838
3885	3303
10185	15452
10187	3600
10189	5321
10189	3351
34768	15126
10199	3647
10202	6982
2012	4260
59359	63839
10208	45580
10208	6982
10208	3647
10214	47096
10214	47127
10214	46628
10214	46646
10214	47095
2024	3228
67562	48820
10220	80392
80893	80893
10224	14739
10224	47307
10225	15452
10226	10349
10229	37321
10229	5487
18425	3647
2048	5632
2048	10855
2048	37321
2048	29546
2048	46667
2048	7742
2048	3647
2049	2100
2049	4110
2050	4110
2051	45096
2051	5810
18436	4110
18436	3303
10245	7666
10245	14739
10245	3231
34822	15452
10247	4110
10248	5507
10248	7708
10248	4110
10248	15793
10248	3351
10248	3868
10249	47936
10249	5507
10249	5547
10249	3351
10249	44669
10249	2879
10250	14474
10250	3468
10250	15757
10250	18197
10250	7838
10250	48936
10250	29755
10250	2878
10250	5315
10250	5326
10250	5328
10250	3303
10250	15741
10252	4110
10252	3351
10256	15810
10256	5596
10256	4110
10256	15452
10256	15741
10274	4110
10275	47307
10275	46879
10277	47307
43046	51810
26670	21149
26672	21152
26672	23200
26672	21867
26672	20806
26672	26673
26672	20778
26672	20823
26672	21137
26672	26674
26672	21047
26672	21146
26672	21147
26672	21148
26673	20806
2098	14739
9907	14739
2100	3204
2100	11784
2100	3466
2100	142
2100	4696
2100	5533
2100	11678
2100	2978
2100	5284
2100	5190
2100	5287
2100	3036
2100	5290
2100	3600
2100	854
2100	2103
2100	10808
2100	4234
2100	7745
2100	5316
2100	2117
2100	3014
2100	5197
2100	5304
2100	1363
2100	4217
2100	12376
2100	14300
2100	916
2100	12517
2100	12519
2100	3191
2100	29051
2103	7666
2104	3647
2105	36549
2105	47307
2106	10759
80541	37926
34883	4722
10308	47307
2117	3600
10314	15452
34891	80340
34891	3647
34899	29129
34899	47307
34899	3213
2143	21459
10343	10349
34921	14739
10346	10758
10346	8595
10346	29922
10346	10346
10346	29943
10348	3213
10348	10349
10349	23040
10349	21507
10349	10757
10349	13320
10349	5688
10349	78393
10349	78394
10349	2659
10349	35431
10349	10349
10349	10356
10349	10357
10349	10364
10349	10366
10349	10367
10349	10368
10349	10370
10349	10371
10349	10372
10349	10377
10349	10379
10349	10380
10349	10389
10349	29873
10349	29879
10349	29884
10349	20683
10349	59631
10349	59633
10349	59634
10349	59635
10349	29484
10349	30009
10349	30012
10349	23376
10349	78392
10349	35159
10349	45426
10349	31812
10349	4506
10349	32674
10349	5562
10349	19401
10349	10702
10349	1527
10351	4506
2169	3015
10365	3351
34949	34946
34950	34946
34951	34946
34952	34946
34954	34946
10389	52643
10389	10437
10389	5205
67735	4110
67736	4110
10393	46879
10394	47307
34974	29051
10410	3303
48158	7707
34999	14739
34999	7991
35003	3303
67777	3198
67779	48820
35012	15452
10442	36591
35020	14739
2255	29345
2255	29346
2255	1010
2255	982
2255	8090
2255	2271
2259	3117
2262	20681
2262	20669
2262	4503
2262	5688
2262	4507
2262	5277
2271	825
2271	28667
2271	29311
59617	51810
43234	4110
10467	29359
34518	7666
35090	9814
35097	47307
35098	4110
35099	45096
35100	37321
35102	45580
35102	46884
35102	6982
35102	3647
35104	46879
35113	47307
35114	47307
2353	15452
35124	47307
2357	14739
35128	47307
35128	46879
35131	46879
9953	46594
35144	10759
2379	14739
34530	30432
34530	9814
35154	46879
35159	15452
35159	36591
2398	21459
35176	15452
35176	4110
35194	9814
35202	80337
35207	3303
35222	4110
17267	3303
43421	5205
35230	15452
35235	14739
35240	3303
8605	3228
35249	15452
2482	3303
2482	3176
2482	7644
35253	3191
2495	30432
2495	14739
8608	3228
10701	14739
10701	9814
29256	78217
2519	4110
10715	11667
8268	30432
8268	9814
2556	4722
2556	9814
2556	34778
40021	35960
40021	36598
10755	51810
10759	23041
10759	13320
10759	11785
10759	21507
10759	4787
10759	4250
10759	11679
10759	11680
10759	15016
10759	11691
10759	36653
10759	14515
10759	14518
10759	14555
33200	80337
8625	3228
2608	14739
10808	8335
10808	29933
10808	142
10808	3213
10808	12369
10808	14739
10808	7991
2638	15896
2638	36591
2640	36591
51794	15452
2649	28789
51810	42241
51810	53511
51810	29833
51810	29844
51810	20896
51810	19106
51810	43045
51810	21927
51810	31812
51810	42314
51810	51810
51810	14678
51810	59618
51810	59619
51810	35556
51810	34789
27235	36591
33368	78217
80682	80340
68216	68733
18197	15452
18197	4110
18197	33807
18197	5559
18197	5596
18197	15612
18197	15741
35458	3213
35458	78909
2691	71199
68255	70344
30496	47307
30496	46879
68295	14634
27348	4110
27349	37321
27365	37321
19187	5647
19188	4110
27392	15452
35598	3303
35599	3303
35600	3303
27409	47307
2839	2842
2842	3945
2842	5290
2842	39661
2842	11890
2842	29333
2842	56217
2842	2846
35620	4110
35623	46879
2863	3600
2866	4110
2866	3351
68403	70344
37342	37341
2870	4110
2871	4110
2876	47233
2876	3714
2876	3465
2876	14474
2876	4110
2876	5647
2876	4625
2876	6039
2876	6040
2876	5529
2876	6042
2876	7838
2876	6048
2876	11297
2876	6054
2876	3228
2876	5172
2876	5301
2876	6111
2876	17342
2876	3527
2876	5327
2876	6096
2876	6627
2876	5603
2876	3945
2876	2878
2876	2934
2878	11297
2878	4110
2878	5647
2878	5552
2879	4110
2879	3279
2879	5552
2879	3351
46902	46585
19276	36598
2893	4110
10040	47307
27476	4110
2905	55307
2905	4110
2905	3231
2930	4110
2934	3228
2934	6035
2934	4110
2935	3303
27513	4110
10047	4110
19605	14739
35712	14739
27526	3303
27533	45096
2958	3303
2958	4110
2958	3231
2962	4110
27539	5579
27540	3213
43925	3647
43925	47307
27547	80337
2972	14739
19357	80337
2975	5510
2975	4110
2978	4110
2978	3303
2979	4110
27556	45697
2986	4110
2986	3351
2988	4110
2988	5647
2990	4110
19375	15452
19375	4110
19375	6111
46920	46585
27580	29311
3008	4110
3011	3213
3011	20614
4598	45580
4598	6982
4598	3647
3014	4110
3015	3874
3015	44612
3015	39112
3015	19569
3015	14739
3015	19606
3019	3233
3019	15452
3019	4110
3019	6111
19406	36598
29176	5632
29176	5469
29176	3647
3026	3351
3026	3303
3028	3108
3028	46879
3029	3600
3032	47307
3036	6756
3036	5197
19429	3351
3050	37321
3050	15126
80927	80926
19452	37321
3069	4110
3075	4110
3075	3303
3078	4110
3078	3647
19464	4110
15924	9814
3098	37321
3099	37321
3099	3218
11297	5603
11297	5604
11297	6054
11297	5292
11297	3309
11297	5328
11297	3285
3108	3408
3108	47939
3108	49296
3108	29264
3108	4110
3108	3351
3108	46879
19495	78224
19495	4722
19495	20693
19495	11673
3117	40395
3117	29127
3117	29703
3117	14739
3117	3218
68659	70344
3127	7644
3127	3228
3133	4110
3133	3647
1888	46879
49678	46879
3163	46879
3165	15452
3176	37604
3176	37637
3176	37634
3176	3177
3176	37610
3176	3179
3176	37613
3176	4110
3176	3863
3176	3860
3176	37590
3176	37591
3176	37624
3176	37593
3176	37594
3176	37628
3176	37630
11378	14739
76918	3575
3191	5477
3191	3303
3191	3600
35960	3296
35960	22019
35960	7461
35960	4787
35960	48936
35960	37852
35960	3468
35960	13358
35960	1394
35960	14515
35960	36598
35960	29983
19578	37321
3198	4110
3199	15452
19586	14739
3203	37321
3203	3218
3203	15126
3203	3213
3204	3233
3204	4110
3204	3351
3205	4110
3205	3303
19596	14739
3213	81412
3213	80392
3213	80400
3213	80643
3213	80405
3213	14873
3213	21534
3213	80415
3213	37926
3213	45101
3213	20022
3213	80449
3213	80461
3213	15953
3213	3669
3213	80470
3213	12376
3213	29280
3213	4196
3213	80487
3213	80499
3213	4217
3213	80508
3213	20614
3213	3213
3213	142
3213	80528
3213	3218
3213	80531
3213	3221
3213	3233
3213	80926
3213	4805
3213	28381
3213	20724
3213	3331
3213	80645
3213	32526
3213	15126
3213	1829
3213	7991
3213	49002
3213	45457
3213	14739
3213	11687
3213	17321
3213	80300
3213	80315
3213	80317
3213	32758
3213	37321
3213	80334
3213	80335
3213	80337
3213	37341
3213	40416
3213	80356
3213	5543
3213	5459
3213	80374
3213	80382
3214	14739
3214	15126
3215	3228
3216	15452
3216	4110
3218	69324
3219	15452
3219	4110
3219	5647
3221	37321
3221	32758
76953	3575
3228	3714
3228	8335
3228	7813
3228	6663
3228	3471
3228	6800
3228	6034
3228	8340
3228	6039
3228	3229
3228	6690
3228	7717
3228	7718
3228	3884
3228	8349
3228	6664
3228	5172
3228	4623
3228	5173
3228	3527
3228	5452
3228	6042
3228	8369
3228	3678
3228	6623
3228	6627
3228	4625
3228	4077
3230	4110
3231	4642
3231	5287
3231	5291
3231	5647
3231	11540
3231	5294
3231	3481
3231	4110
3231	17147
3231	3303
3233	5314
3233	80337
3233	37321
3233	32526
3233	15953
3233	5459
3243	3647
3895	3704
19650	47307
3276	15452
3279	5328
3279	3697
3280	45697
3280	19794
3281	45697
3281	19794
3281	19798
3283	45697
3283	3303
19668	15452
3287	19798
3289	5552
3289	3303
3293	3351
3293	3303
3294	4110
3298	3714
3298	3303
3298	3722
3298	4558
3298	7838
3303	4110
3303	4623
3303	3600
3303	19985
3303	28691
3303	5380
3303	5381
3303	32291
3303	5526
3303	5191
3303	5193
3303	5197
3303	4696
3303	3678
3303	15458
3303	3703
3303	3697
3303	3701
3303	12921
3303	3707
3303	3714
3303	14474
3303	3863
3303	4755
3303	29332
3303	3734
3303	7838
3303	5286
3303	5287
3303	5289
3303	5292
3303	5293
3303	5295
3303	5298
3303	4979
3303	4278
3303	7644
3303	5309
3303	5310
3303	5311
3303	5312
3303	5315
3303	5319
3303	5580
3303	28279
3303	5324
3303	3284
3303	12513
3303	3303
3303	3307
3303	4334
3303	61679
3303	28400
3303	4857
3303	4861
3303	5163
3303	3845
3303	3850
3303	67349
3303	3871
3303	5510
3303	15669
3303	17212
3303	3382
3303	3918
3303	3983
3303	5472
3303	4961
3303	45923
3303	3942
3303	3944
3303	3945
3303	5485
3303	5519
3303	15742
3303	5503
3303	6017
3303	3990
3303	15759
3303	15766
3303	5527
3303	15768
3303	5532
3303	5533
3303	5534
3303	5547
3303	15791
3303	5558
3303	15805
3303	15813
3303	15817
3303	15820
3303	40406
3303	5596
3303	5603
3303	5604
3303	4585
3303	4178
3303	3923
3307	4558
3309	14474
3309	4110
3309	5552
3309	15452
3312	5647
3284	5552
3322	14474
3322	5163
3322	4110
3322	3351
11520	14474
11520	15452
11522	14739
3331	80337
11529	3600
46978	47096
46978	47127
46978	47095
52496	37321
52496	15126
52496	37341
3351	4110
3351	48148
3351	29205
3351	7707
3351	7708
3351	4642
3351	5163
3351	7091
3351	4678
3351	3669
3351	3670
3351	20587
3351	6765
3351	3944
3351	4969
3351	44669
3351	3713
3351	15501
3351	29343
3351	5284
3351	5287
3351	5291
3351	3756
3351	5300
3351	5301
3351	5313
3351	5321
3351	5325
3351	3945
3351	5333
3351	48858
3351	3451
3351	4856
3351	3355
3351	3868
3351	3372
3351	3894
3351	47931
3351	47932
3351	48010
3351	47934
3351	47936
3351	47938
3351	47939
3351	47947
3351	47948
3351	47950
3351	3408
3351	47953
3351	32087
3351	47965
3351	47967
3351	47969
3351	3431
3351	3432
3351	3433
3351	47978
3351	5485
3351	47982
3351	47992
3351	47935
3351	5507
3351	3460
3351	5510
3351	3466
3351	5442
3351	18405
3351	5547
3351	15813
3351	3918
3351	40406
3351	45050
47304	47307
9933	46879
19786	19794
19786	19798
21047	21149
21047	20806
3405	4110
68943	70344
19792	19794
19792	19798
68945	70344
19794	45697
19794	29480
19794	45705
19794	20430
19794	45682
19794	45683
19794	19796
19794	19798
19794	45687
19794	3656
68947	70344
19796	3656
19796	45697
19798	5600
19798	45697
19798	46000
19798	45705
19798	45850
19798	45949
19800	14739
68953	70344
47305	47307
68956	70344
68961	70344
68962	70344
68963	70344
68966	70344
3431	3432
3431	47936
3431	4110
3432	4110
3432	5300
3433	47936
3433	47939
3433	47948
3433	3918
3433	49007
3433	7707
3433	47934
46994	47096
46994	47127
46994	47095
68974	70344
3443	5321
68982	70344
3447	4110
3449	46879
3454	15452
3454	4110
3454	6111
68991	70344
45124	14739
11649	11820
68995	70344
3460	4110
3460	3918
11653	14739
3463	15452
3463	4110
3466	4110
3468	4110
3468	36598
3468	6111
3468	15452
3468	15774
3469	4110
11667	11849
11667	14739
11667	11679
11667	4250
11669	14739
11670	47307
11671	5467
11671	11684
11671	11686
11671	11691
11671	78390
11671	78391
11671	78328
11671	78329
11671	14575
11676	14739
77213	80392
11678	15268
11678	29933
11678	142
11679	1277
11681	15268
11686	45096
11687	14739
80860	80392
11693	14739
4680	5647
11706	14739
19901	47307
11721	14739
77136	80392
3538	14739
11732	14739
11733	11820
3544	5163
47012	47096
47012	47127
47012	47095
3547	14739
11742	14739
11742	47307
3559	7472
3559	3647
3562	7666
11758	80295
7421	37321
7421	15126
3575	47841
3575	15126
3575	80310
3575	37321
3575	80308
3575	80302
3575	80303
3575	80304
3575	80305
3575	80306
3575	80307
3575	40500
3575	14134
3575	3575
3575	80309
82516	80337
77306	80392
11772	14739
11773	78480
11774	14739
3584	3647
3587	15452
3587	4110
11784	142
11784	8335
3600	142
3600	3941
11794	14739
11794	15268
11795	14739
3604	15452
3610	47307
10213	47307
3620	15452
11820	14369
11820	14370
11820	14373
11820	14374
11820	14727
11820	15702
11820	12599
11820	14886
11820	12597
11822	14739
28209	7666
28209	14739
28212	14739
20022	37321
69179	70344
3646	5178
3647	46594
3647	4232
3647	45580
3647	46606
3647	5632
3647	5275
3647	6707
3647	871
3647	7472
3647	46628
3647	4264
3647	4269
3647	20912
3647	4786
3647	46646
3647	6839
3647	5177
3647	4287
3647	47307
3647	6982
3647	8141
3647	46661
3647	4560
3647	46585
3647	6648
3647	46566
3647	46574
3647	29174
3647	7480
69187	70344
28229	28489
28229	825
28230	854
3664	47307
3669	37321
20054	29311
28252	14739
44639	44588
44640	45697
69220	70344
11887	14739
11888	14739
3697	5477
3697	5552
3697	5905
11890	14739
11893	14739
3702	15452
28279	14474
28279	5552
3704	5477
28281	36569
28281	36591
3707	15452
3707	4110
11901	14739
36478	36614
36478	36615
36478	36616
36478	36617
36478	36760
36478	36761
36478	36634
36478	36763
36478	36764
36478	36762
36478	36766
36478	36767
36478	36768
36478	36769
36478	36770
36478	36771
36478	36772
36478	36773
36478	36646
36478	36775
36478	36776
36478	36777
36478	36778
36478	36765
36478	36530
36478	36540
36478	36554
36478	36555
36478	36556
36478	36557
36478	36558
36478	36562
36478	36563
36478	5838
36478	36568
36478	36774
36478	36464
11903	14739
28288	29003
3713	47936
3713	4110
3713	47962
3715	15452
3720	5321
11918	5688
28309	37321
3737	4110
10181	47307
3750	4642
3750	4110
4722	23048
4722	12515
4722	4468
4722	4734
4722	4794
4722	4589
4722	29489
36530	36569
28345	28672
28345	28801
28345	29507
28345	28676
28345	29509
28345	29505
28345	28680
28345	28681
28345	28683
28345	4465
28345	5783
28345	29508
28345	29498
28345	29499
28345	29500
28345	29501
28345	28670
28345	28671
28349	47307
36543	36569
36548	36591
36548	36549
36549	36711
36549	36612
36549	36631
36549	36632
36550	36551
36569	36755
36569	29721
36569	36651
36569	36547
36569	5830
36569	5833
36569	36570
36569	36571
36569	36572
36569	36573
36569	36574
36569	36575
36569	36576
36569	36577
36569	36578
36569	36579
36569	36580
36569	36581
36569	36583
36569	36585
36569	36469
28387	29496
28397	47307
36590	15452
36591	15896
36591	14880
36591	14555
36591	36592
36591	36593
36591	36594
28404	47307
36598	13358
36598	29679
36598	1394
36598	14515
36598	32084
36598	29983
28410	47307
36609	15452
3850	4110
44812	14739
44817	14739
3858	4110
3860	4110
3861	4110
3863	4110
36632	36595
36633	36595
3868	47936
3868	32087
3868	49005
3868	3918
3868	44669
34778	12515
3873	14739
3894	4110
44855	14739
69433	70344
69435	70344
3901	15452
40229	40230
3918	47936
3918	5313
3918	5547
3918	4110
3918	5321
3918	44669
3918	29343
12121	70344
18405	4110
3944	14739
3944	5647
3948	4110
3950	7666
3950	4091
3957	5647
47323	47307
82583	78909
3983	5647
3990	5552
3990	5647
36787	47307
21150	24168
29343	7707
29344	15005
3403	4110
4036	5551
82593	80340
68940	70344
82594	80340
20430	45697
47097	47096
47097	47127
47097	47095
135	47307
3408	47939
3408	5291
3408	48187
45046	15452
45047	15452
45050	47936
45050	4110
28667	7838
45052	15452
28669	29496
28670	29496
28671	29496
28672	29496
28673	29496
45058	15452
45059	15452
28676	29496
68950	70344
45062	15452
28680	29496
28681	29496
28683	29496
4110	5548
4110	33807
4110	4625
4110	5550
4110	7703
4110	7707
4110	7708
4110	5286
4110	32291
4110	5554
4110	5175
4110	5301
4110	4678
4110	37453
4110	4178
4110	3670
4110	5351
4110	33808
4110	6587
4110	20587
4110	14474
4110	15519
4110	5529
4110	5282
4110	5284
4110	5287
4110	5535
4110	5291
4110	5292
4110	5294
4110	5295
4110	5296
4110	5298
4110	5300
4110	5303
4110	5304
4110	5310
4110	5311
4110	5313
4110	5315
4110	5445
4110	5319
4110	32087
4110	15586
4110	31463
4110	5352
4110	5501
4110	15612
4110	37632
4110	5163
4110	29462
4110	6054
4110	48935
4110	48936
4110	37196
4110	32090
4110	32108
4110	5485
4110	5496
4110	15741
4110	5512
4110	15759
4110	3479
4110	15768
4110	3481
4110	15774
4110	6052
4110	19878
4110	4007
4110	5547
4110	5549
4110	15794
4110	7091
4110	15805
4110	15810
4110	15813
4110	5607
4110	15817
4110	5578
4110	15820
4110	5595
4110	5596
4110	5599
4110	5601
4110	5603
4110	53919
4110	33770
4110	47956
28687	15452
28688	14474
28688	15452
68954	70344
4229	4254
45091	14739
45092	14739
45093	14739
45094	14739
45095	14739
45096	78305
45096	6693
45096	78306
45096	5810
45096	14739
45096	5467
45096	78885
45096	23358
45097	47307
45097	14739
45097	15126
4138	7666
4138	14739
45099	14739
45100	14739
45101	14739
45102	14739
45103	14739
45104	14739
45105	14739
45106	14739
45107	14739
45107	47307
45108	14739
45109	14739
45110	14739
45111	14739
45112	14739
45113	14739
45114	14739
45115	14739
45116	14739
45117	14739
45118	14739
45119	14739
45120	14739
45121	14739
45122	14739
45123	14739
12356	14739
45125	14739
45126	14739
45127	14739
45129	14739
45130	14739
45131	14739
45132	14739
45133	14739
45134	14739
38874	6111
4178	5647
4178	32084
12376	40322
12376	20614
12376	142
12376	5995
12376	5198
12376	5197
12376	29051
12376	39706
12376	80414
12377	30432
12377	14739
47119	47096
47119	47127
47119	47095
48149	47948
12386	37341
4196	37321
82520	78909
20587	5321
20587	47307
20587	7471
20587	44669
28785	14739
28789	825
4214	15452
4217	14739
4217	7991
4224	4254
28801	29496
4227	4254
53381	15452
20614	40442
20614	4805
20614	20614
20614	39707
20614	5995
20614	38349
20614	38351
20614	37340
20614	37341
4232	4786
68987	70344
68973	70344
53395	5552
48151	48018
4250	14736
12443	70344
38331	80337
12446	14739
4258	4260
4260	5185
4260	4355
4260	4356
4260	4296
4260	5960
4260	5224
4260	5976
4260	5912
142	5290
142	7745
142	14300
142	12517
142	12519
68979	70344
61620	54256
61620	5769
61620	61644
53429	5769
4287	29174
4290	29003
4290	1277
37060	15005
70349	70344
80887	80392
68986	70344
5483	47307
12515	4589
4326	4254
12519	29311
61675	15452
4333	5277
69431	70344
20724	14739
68990	70344
80881	80392
29397	7666
70361	70344
12575	14739
10288	46594
10288	47307
10288	46879
20770	47307
20778	20806
68999	70344
26674	20806
70365	70344
33503	7666
4413	30432
4413	9814
20806	21152
20806	23200
20806	21867
20806	20806
20806	20823
20806	20943
20806	21137
20806	21432
20806	21146
20806	21147
20806	21148
29019	5422
4458	14739
4465	29496
45429	15452
29051	5197
78217	77426
78217	47834
45457	40120
45457	4805
4505	15452
4506	5178
4508	5688
26693	21520
4512	14739
29094	14739
29095	14739
4533	15452
4537	46879
4540	46879
67658	6106
4548	46594
37321	15126
37321	81884
37321	4805
37321	37321
37321	15953
37321	80762
37321	5459
37321	34940
29130	45580
4558	7644
20943	21149
4560	45580
4560	6982
29141	15452
29144	15452
4570	46879
37340	37341
37341	4805
37341	81064
37341	15916
37341	80337
37341	5459
4574	14739
4574	47307
29159	15452
29163	15452
4589	30432
4590	47307
4590	46879
29167	15452
29168	9814
78327	15274
78328	15274
78329	15274
29182	15452
29183	46594
29189	15452
29192	15452
45580	5169
45580	6982
45580	5452
45580	6703
45580	4625
45580	6839
45580	5465
12816	14739
4625	6982
12818	46594
4632	15452
78362	78363
4642	5282
4642	5547
4642	15813
4642	5291
4642	5647
4642	15805
78371	15264
29224	30432
29228	15005
45614	47307
45614	46879
38345	80337
4696	14474
4696	5552
4696	7838
413	9814
4703	30432
4703	6018
45682	45882
45682	45871
12922	7666
29311	1363
29311	7701
45697	45705
45697	46013
21126	24168
78479	14890
21137	21149
21142	21145
21142	21143
21149	23200
21149	24168
4766	15452
53919	15452
4776	47307
70314	70344
70318	70344
70320	70344
4786	7754
4786	5452
4786	6607
34932	2176
4796	47307
29376	15452
25376	46879
12994	14739
70344	68992
70344	14419
70344	70348
70344	68997
70344	69001
70344	68235
70344	70358
70344	70360
70344	70357
70344	69219
70344	69017
70344	13978
70344	13469
70344	70363
70344	70362
70344	70364
70344	14634
70344	69169
70344	68402
70344	14397
70344	69183
70344	70355
70344	70345
70344	70346
70344	70347
70344	70094
70344	70352
70344	70354
70344	70356
70344	70350
70344	68952
70344	70351
70344	68957
70344	70366
70344	70367
70344	70353
70344	68969
70344	70359
70344	18035
70344	13303
4813	14739
78545	15264
26745	22028
29402	14739
53981	15452
29406	15452
34940	5551
34940	81884
29419	14739
29420	15452
29430	15452
29431	15452
29442	14739
29450	14739
34946	34947
34946	34948
34946	34953
4254	4331
70454	14575
29496	5783
29496	29497
29496	29498
29496	29499
29496	29500
29496	29501
29496	29502
29496	29503
29496	29504
29496	29505
29496	29506
29496	29507
29496	29508
29496	29509
29496	29510
825	982
54104	15452
54105	15452
54106	15452
54107	15452
4962	14739
4966	5178
70508	15126
70509	80300
4979	7644
29564	14739
29581	14739
29581	46879
34968	730
5024	5477
5024	5552
5024	5905
5035	47307
5041	9814
67744	48820
29652	29722
29678	14739
29678	47307
851	854
13316	14739
854	5198
854	7644
13320	29875
13320	5205
29722	29936
21534	14739
29732	14739
37926	5459
37926	14739
5162	46879
5169	6982
5169	46879
13362	47307
5175	15452
5178	1226
5178	25615
5178	7888
5178	22041
29755	5477
29755	5647
29755	7666
78909	80449
78909	80298
78909	80299
78909	80334
78909	80559
78909	80405
78909	81910
78909	80312
78909	80315
78909	80316
78909	80318
78909	80319
5191	5552
5191	5580
5197	6756
5197	5995
5197	5198
5197	5551
5198	5995
5198	39706
5198	39707
5198	7644
5205	73568
5205	42197
5205	63153
5205	73559
5205	63236
871	5632
15893	47307
67552	67552
29847	14739
10436	73568
46242	15452
46243	15452
46245	15452
46246	15452
5287	5477
5287	7666
5287	5647
5287	5552
5287	14739
5287	5905
5288	15452
46249	15452
46250	15452
5291	5647
46252	15452
46253	15452
46254	15452
46255	15452
46256	15452
46257	15452
46258	15452
5300	47936
5300	48862
5301	6111
5301	15452
5304	15452
5304	6111
5309	15452
5310	15452
5310	15741
5311	5603
5311	15452
5311	15741
5312	15452
5313	47936
5315	6111
5315	15452
5315	15774
5316	5290
5321	5350
5321	15721
5327	5579
5328	5552
5328	32084
5328	5647
5328	14474
5329	5647
5334	15452
5335	14474
5341	15452
5342	15452
5343	15452
4988	5905
29933	6693
5380	5552
5381	5552
47321	47307
34823	46594
20016	46594
5438	14739
5443	15452
5444	14739
5448	14739
5452	6982
5005	39831
30032	14739
5458	47307
5459	80300
5459	32526
5459	80337
5459	14739
5459	15126
5465	47307
5465	6982
5468	14739
5468	15126
5469	47252
5469	46884
5469	47022
5472	5647
5477	14474
5477	5580
5477	7471
5477	14480
5477	3481
5478	15452
5484	14739
5486	14739
5496	6111
5496	5599
80654	80340
5507	5547
5507	44669
5509	7666
5512	5552
5514	14739
5526	5552
5527	5552
5529	5647
5529	5552
5531	5647
5532	5647
5533	5647
80655	80340
5539	14739
5546	5551
5547	47936
5547	32087
5547	5647
5548	5552
5551	81884
5551	32125
5552	15766
5552	14474
5552	14480
5552	15768
5552	15785
5552	5292
5552	5293
5552	7471
5552	8129
5552	5604
5552	5580
5552	8177
5552	33755
30146	14474
5573	81891
5574	7666
5576	46879
5579	5596
5579	5599
5586	47307
5596	5295
5596	15741
5599	15452
5602	7666
5602	5647
5603	15741
5603	7838
5604	14474
5604	5292
5604	15757
5604	15759
5604	15794
5604	32084
5604	15768
5604	5647
5604	15741
46566	80340
46579	46585
17321	80295
46585	46895
46585	46896
46585	46897
46585	46898
46585	46899
46585	46900
46585	46901
46585	46903
46585	46904
46585	46905
46585	46906
46585	46907
46585	46908
46585	46909
46585	46910
46585	46911
46585	46912
46585	46913
46585	46914
46585	46915
46585	46916
46585	46917
46585	46918
46585	46919
46585	46921
46585	46922
46585	46923
46585	46924
46594	6808
46594	46877
46594	15914
46594	47288
46594	46650
46594	6721
46594	7754
5647	5292
5647	14474
5647	7829
5647	3481
5647	15813
5647	33755
5647	15470
5647	7666
5647	5647
4553	81782
46628	47207
46637	47096
46637	47127
46637	47095
46640	47096
46640	47127
46640	47095
46642	47096
46642	47127
46642	47095
46643	47096
46643	47127
46643	47095
46644	47096
46644	47127
46644	47095
46646	47096
46646	47095
46646	47127
5688	1226
5688	5689
5688	32655
46650	47307
46650	46879
46651	46667
46667	46698
46667	46699
5753	14739
1829	6106
3695	7666
80665	80340
30432	9814
30432	15646
30432	23082
30432	14514
30432	15555
30432	15449
30432	14052
30432	15608
14052	14739
44669	47936
44669	32087
5881	14739
5881	47307
11904	14739
47115	47096
47115	47127
47115	47095
5905	14474
46879	6721
46879	6808
46879	14875
46879	7487
46879	47302
46879	47306
46879	47307
46879	15954
46880	15478
46882	47096
46882	47127
46882	47095
47934	47936
5974	5975
5995	40322
46970	47096
46970	47127
46970	47095
46971	47096
46971	47127
46971	47095
46975	47096
46975	47127
46975	47095
46976	47096
46976	47127
46976	47095
46983	47096
46983	47127
46983	47095
46992	47096
46992	47127
46992	47095
46996	47096
46996	47127
46996	47095
46997	47096
46997	47127
46997	47095
46998	47096
46998	47127
46998	47095
47001	47096
47001	47127
47001	47095
47003	47096
47003	47127
47003	47095
47013	47096
47013	47127
47013	47095
47022	47023
47065	80340
6106	817
6106	14739
6111	5295
6111	15817
6111	14474
6111	32621
6111	48936
6111	15791
6111	15452
6112	14739
14308	14575
14325	14739
47095	47104
47095	47107
47095	47108
47095	47109
47095	47110
47095	47112
47095	47113
47095	47114
47095	47116
47095	47106
47095	47118
47095	47121
47095	47123
47095	47127
47095	47128
47095	47130
47095	47132
47095	47124
47095	47129
47095	47103
47095	47111
47095	47125
47095	47117
47095	47126
47095	47098
47095	47120
47095	47099
47095	47105
47095	47122
47095	47131
47095	47095
47095	47096
47095	47100
47095	47101
47095	47102
47096	47104
47096	47107
47096	47108
47096	47109
47096	47110
47096	47112
47096	47113
47096	47114
47096	47116
47096	47106
47096	47118
47096	47121
47096	47123
47096	47127
47096	47128
47096	47130
47096	47132
47096	47124
47096	47129
47096	47103
47096	47111
47096	47125
47096	47117
47096	47126
47096	47098
47096	47120
47096	47099
47096	47105
47096	47122
47096	47131
47096	47100
47096	47101
47096	47102
14329	14739
47098	47127
47099	47127
47100	47127
47101	47127
47102	47127
47103	47127
47104	47127
47105	47127
47106	47127
47107	47127
47108	47127
47109	47127
47110	47127
47111	47127
47112	47127
47113	47127
47114	47127
47116	47127
47117	47127
47118	47127
36525	14575
47120	47127
47121	47127
47122	47127
47123	47127
47124	47127
47125	47127
47126	47127
47127	47129
47127	47128
47127	47130
47127	47132
47127	47131
33807	15452
33807	5295
33808	15452
10298	47307
47226	47307
14467	15452
14474	15452
14474	5292
14474	5293
14474	7666
14474	15741
14514	14739
14519	14739
14523	47307
47302	47307
47307	6667
47307	6680
47307	14875
47307	13348
47307	6695
47307	13364
47307	6721
47307	6846
47307	6779
47307	6794
47307	7823
47307	6805
47307	14874
47307	23750
47307	15025
47307	47308
47307	47309
47307	47310
47307	47311
47307	47312
47307	47313
47307	47314
47307	47315
47307	47316
47307	47317
47307	47318
47307	47319
47307	47320
47307	47322
47307	47324
47307	47325
47307	47326
47307	47327
47307	47328
47307	15126
47307	7471
47307	17744
47307	6606
47307	32736
47307	45545
21540	14739
14555	15896
33831	7666
14575	15274
14576	15274
36595	36631
13355	9814
80684	80340
13364	14739
42497	80340
14680	14739
14681	14739
14739	14856
14739	40281
14739	6680
14739	14874
14739	14875
14739	31801
14739	15945
14739	7823
14739	39658
14739	39672
14739	7456
14739	15146
14739	39742
14739	15754
14739	15265
14739	31138
14739	15281
14739	8150
14739	7505
80295	80559
80295	80499
80295	80571
80295	80415
80296	15126
80300	15126
80305	80392
80311	15126
80315	80388
80325	15126
80326	15126
80335	80335
80337	32526
80337	15953
80337	82517
80340	80656
80340	80657
80340	80658
80340	80659
80340	80660
80340	80661
80340	80664
80340	80668
80340	80669
80340	80670
80340	80671
80340	80672
80340	80673
80340	80674
80340	80675
80340	80676
80340	80677
80340	80678
80340	80679
80340	80680
80340	80681
80340	80683
80340	81325
80340	80686
80340	80687
80340	80688
80340	80689
80340	80690
80340	80691
80340	80692
80340	80565
80340	80695
80340	80693
80340	80340
80340	81326
80340	80501
6614	15452
23054	15268
80415	80695
6701	15452
6703	6982
80438	80392
80559	80695
6839	6982
39640	40158
31475	7666
23296	23311
80645	81133
15126	82076
15126	40245
15126	7241
47936	48148
47936	7707
47936	48860
47936	48194
47936	47939
47936	47947
47936	32087
47936	47962
47936	48859
47936	47966
47936	48863
47936	47969
47938	48192
47938	48193
47938	48188
47938	48189
47938	48190
47938	48191
47939	48286
47948	48018
47962	7707
47966	7707
47992	48999
80764	80392
48018	7707
48018	48198
80809	80392
80811	80392
80812	80392
80813	80392
80814	80392
80816	80392
80818	80392
80820	80392
80821	80392
80822	80392
80823	80392
80824	80392
80825	80392
80826	80392
80827	80392
80828	80392
80829	80392
80830	80392
80831	80392
80832	80392
80834	80392
80835	80392
80836	80392
80837	80392
80838	80392
80839	80392
80840	80392
80841	80392
80842	80392
80843	80392
80844	80392
80846	80392
80847	80392
80848	80392
80849	80392
80850	80392
80851	80392
80852	80392
80853	80392
80854	80392
80855	80392
80856	80392
80857	80392
80858	80392
80859	80392
80861	80392
80862	80392
80863	80392
80864	80392
80845	80392
80866	80392
80867	80392
80868	80392
80870	80392
80871	80392
80872	80392
80873	80392
80874	80392
80875	80392
80876	80392
80877	80392
80878	80392
80879	80392
80880	80392
46248	15452
80882	80392
80883	80392
80884	80392
80885	80392
80886	80392
80888	80392
80889	80392
80890	80392
80891	80392
5290	7991
5292	15452
5295	15805
5295	15452
5295	15741
48172	7707
80392	40845
5299	15452
15447	15452
15449	9814
15452	15791
15452	15941
15452	15452
15452	15454
15452	15494
15452	15500
15452	15520
15452	40614
15452	15557
15452	7406
15452	15612
15452	15650
15452	48936
15452	7500
15452	15744
15452	40427
15452	15749
15452	15750
15452	15754
15452	15756
15452	15758
15452	15760
15452	15765
15452	15769
15452	15773
15452	15774
15452	15775
15452	15777
15452	15778
15452	15788
15452	15796
15452	15798
15452	15805
15452	15806
15452	15807
15452	15808
15452	15810
15452	15815
15452	15817
15452	15820
15452	15826
15452	32751
15452	45048
15452	45051
15608	9814
15611	9814
15612	15810
23082	9814
15741	15805
15741	15768
15757	15759
15768	7666
15768	7838
15774	15791
15794	15820
7666	7666
15953	32526
48863	48980
7991	8129
