1	1550
2	11907
2	3117
2	1550
3	194
3	11907
3	36549
3	8326
3	10759
3	10761
3	103
3	2353
3	532
3	113
3	51
3	116
3	118
3	183
3	695
3	2105
3	36642
3	36478
3	231
4	256
4	68
4	8371
4	8326
4	307
4	14346
4	784
4	3604
4	10389
4	59544
4	59545
4	59547
4	3228
4	59551
4	59552
4	59554
4	291
4	59557
4	807
4	5033
4	171
4	172
4	59566
4	59567
4	59568
4	179
4	59572
4	181
4	59575
4	59576
4	8351
4	189
4	8352
4	196
4	201
4	33059
4	9045
4	216
4	91
4	93
4	8336
4	29922
4	9
4	486
4	231
4	2024
4	103
4	10349
4	112
4	10226
4	59564
4	118
4	119
4	59540
7	118
9	118
10	2353
10	36642
10	118
81934	81782
81936	81782
40978	1541
5465	45580
40987	786
40987	11773
29	498
29	6106
30	36642
30	10760
30	174
30	2353
30	663
30	505
30	954
40996	1541
40967	825
51	194
51	29732
51	9322
51	36642
51	2353
51	514
51	118
1375	641
1375	9315
1375	3303
1375	1066
1375	17228
1375	17234
1375	1070
1375	786
1375	5240
1375	5290
68	10349
68	118
74	10349
76	3228
76	10349
76	118
77	194
77	118
78	10349
78	118
79	41920
79	10349
79	5205
84	194
84	118
89	29732
89	118
91	10349
92	194
92	118
93	10349
93	118
95	194
95	118
70381	68216
102	15689
102	34425
103	194
103	118
103	695
104	12515
104	24004
104	29489
104	28789
104	15268
104	11739
106	2353
106	36642
106	118
108	10349
110	15452
110	10349
110	695
111	194
111	118
112	3228
112	10349
112	118
112	231
28691	3303
116	118
117	194
118	10752
118	10753
118	10754
118	10755
118	10757
118	10758
118	10759
118	10760
118	10761
118	10763
118	10765
118	10766
118	527
118	540
118	547
118	2106
118	10762
118	15883
118	33294
118	604
118	2659
118	10343
118	10349
118	13934
118	118
118	119
118	121
118	10366
118	8326
118	8327
118	29833
118	8334
118	10389
118	4250
118	3228
118	8352
118	10352
118	170
118	171
118	172
118	173
118	174
118	176
118	177
118	178
118	179
118	181
118	182
118	183
118	184
118	186
118	188
118	189
118	190
118	191
118	192
118	193
118	194
118	203
118	196
118	197
118	198
118	200
118	201
118	10443
118	204
118	205
118	206
118	207
118	208
118	210
118	723
118	212
118	5753
118	10459
118	29922
118	10468
118	231
118	744
118	233
118	36599
118	251
118	256
118	36609
118	36610
118	272
118	276
118	36642
118	2353
118	306
118	1895
118	389
118	8601
118	1959
118	5033
118	452
118	3233
118	29650
118	29654
118	29660
118	478
118	5611
118	10226
118	1527
118	505
118	510
119	194
119	10349
119	231
121	194
123	611
124	11739
124	11907
124	3117
125	133
125	135
125	15405
125	527
125	532
125	4751
125	14559
126	532
126	2100
126	3117
127	11907
127	2100
127	3117
128	20440
128	11907
128	532
129	11907
129	29732
129	429
129	1230
129	2100
129	5973
129	280
130	35074
130	11907
130	429
130	1230
130	532
130	151
130	5336
5483	3647
133	2105
133	11907
133	2100
133	532
8326	194
8326	10349
8326	3228
8327	10349
136	11739
136	11773
138	3117
24717	11668
24718	11668
143	518
143	14471
143	142
143	143
143	3862
143	3863
143	11678
143	419
143	64040
143	5290
143	3117
143	5422
143	5423
143	2100
143	565
143	7991
143	446
143	3854
143	1367
143	29018
143	3169
143	17639
143	3176
143	492
143	9843
143	2939
24720	11668
24722	11668
24723	11668
24724	11668
24725	11668
24726	11668
24727	11668
152	11907
24729	11668
8346	194
24731	11668
24733	11668
8351	3228
8352	194
8352	10349
24738	11668
24739	11668
24740	11668
24741	11668
24743	11668
24744	11668
24745	11668
24746	11668
24747	11668
24748	11668
173	194
24750	11668
8367	2876
176	194
177	194
178	194
178	10349
179	10349
181	194
181	10349
183	194
183	5358
184	194
186	194
186	10349
188	194
189	10349
190	10349
192	194
193	194
194	36609
194	36610
194	10755
194	10758
194	8695
194	29833
194	10388
194	12055
194	172
194	174
194	5611
194	197
194	198
194	200
194	201
194	10443
194	206
194	207
194	29650
194	212
194	29654
194	36611
194	29660
194	29922
194	10468
194	9964
194	276
194	10343
194	744
194	2924
194	13934
194	242
196	2353
196	36642
196	231
8391	3228
201	3228
201	10349
8394	3228
1399	2049
1399	2050
1399	31427
1399	3204
1399	5282
1399	1608
1399	31433
1399	456
1399	5548
1399	31426
1399	142
1399	31432
1399	5539
1399	4110
1399	3945
1399	3481
1399	3164
208	2105
8401	3228
8403	3228
8405	3228
8406	3228
8407	3228
216	3228
8409	3228
8410	3228
8411	3228
8412	3228
8413	3228
8414	3228
8415	3228
8416	3228
225	1550
8418	3228
8419	3228
8420	3228
8421	3228
8422	3228
231	646
231	36550
231	36551
231	10349
231	5205
231	8601
231	255
8424	3228
233	10349
8426	3228
8427	3228
8428	3228
8429	3228
8430	3228
8431	20704
8431	23394
8431	20667
8431	20712
8431	20687
8431	23075
8431	25496
8431	20666
8431	1243
8431	3228
8431	20702
8432	3228
8433	3228
8435	3228
8436	3228
33013	10349
8438	3228
8439	3228
33016	10349
8441	3228
8442	3228
251	17973
8444	3228
8445	3228
254	10759
255	695
255	15452
256	10349
8449	3228
8450	3228
8451	3228
8452	3228
261	3117
8454	3228
8455	3228
8456	3228
8457	3228
266	15405
8459	3228
8460	3228
8461	3228
8462	3228
8463	3228
8465	3228
8466	3228
8467	3228
8469	3228
8470	3228
8471	3228
280	1550
280	1230
280	429
8473	3228
8474	3228
8475	3228
8476	3228
8477	3228
8478	3228
8479	3228
8480	3228
8481	3228
8482	3228
8483	3228
292	10349
8485	3228
8485	36478
8486	3228
8487	3228
8488	3228
8489	3228
8490	3228
8491	3228
8492	3228
8493	3228
8494	3228
8495	3228
8496	3228
8497	3228
8499	3228
8500	3228
8501	3228
8502	3228
8503	3228
8504	3228
8505	3228
314	11773
315	10349
8508	3228
8509	3228
318	11739
318	3647
8511	3228
8512	3228
8513	3228
33090	21511
8515	3228
8516	3228
8517	3228
8518	3228
327	11721
8520	3228
33097	151
8522	3228
8523	3228
8524	3228
8525	3228
8526	3228
335	11739
335	24004
335	12515
8528	3228
8529	3228
8530	3228
8531	3228
8532	3228
8533	3228
342	11739
342	151
8535	3228
8536	3228
8537	3228
8538	3228
8539	3228
8540	3228
8541	3228
8542	3228
8543	3228
8544	3228
8545	3228
8546	3228
8547	3228
8548	3228
8549	3228
8468	3228
8551	3228
360	2289
360	786
8553	3228
8554	3228
8555	3228
8556	3228
8557	3228
8558	3228
8559	3228
8560	3228
8561	3228
8562	3228
8563	3228
8564	3228
8565	3228
8566	3228
8567	3228
8568	3228
8569	3228
8570	3228
33147	3213
33147	82750
8572	3228
8573	3228
8574	3228
8575	3228
8576	3228
8577	3228
8578	3228
8579	3228
388	15452
388	10349
388	695
49542	49307
391	29732
393	15452
393	695
8586	3228
21443	26675
399	1550
401	3228
8594	1068
8594	151
8598	19794
30105	9322
8601	10349
8603	8321
8605	8612
414	2289
419	1952
419	547
419	452
419	12517
419	1798
419	12519
419	1415
419	2316
419	435
419	565
419	723
419	442
419	527
8612	14474
8612	151
8612	14480
8612	34904
8612	28311
8612	17691
8612	5024
8612	18339
8612	5287
8612	3117
8612	7471
8612	5552
8612	5553
8612	24246
8612	15930
8612	34620
8612	8381
8612	17350
8612	20054
8612	5336
8612	15461
8612	34274
8612	9315
8612	5477
8612	8177
8612	3704
8612	7673
421	9322
421	532
424	3647
425	505
425	15689
425	11907
425	142
425	34425
8619	17350
8620	3228
8620	10349
429	11907
429	134
429	33729
429	9322
429	514
429	1550
429	5293
429	146
429	1230
429	151
8623	11739
8623	6596
432	11739
8626	69248
8626	10349
8626	5205
435	11907
435	1550
435	142
437	3117
8630	33672
8630	33723
439	33672
439	3203
439	3213
442	11907
442	1550
442	142
444	457
444	3117
445	2137
445	11667
445	11907
446	5423
446	17639
447	786
448	625
448	1538
448	756
448	1582
448	1310
450	36642
450	2353
450	695
450	2169
450	11739
450	15452
33219	29732
452	2262
452	1959
452	10760
452	1867
452	10759
452	20684
452	174
452	527
452	663
452	505
452	4250
452	11679
452	26367
453	786
456	47936
456	5313
456	5282
456	3431
456	3204
456	1061
456	3750
456	3303
456	3433
456	2986
456	3351
456	17292
456	5442
456	4110
456	3447
456	48981
456	48166
456	2879
8268	514
8268	9322
8268	151
8268	34616
8268	34617
8268	34618
70393	68216
463	2105
466	9322
466	29311
468	2105
469	514
469	9322
471	2105
33241	6106
489	131
489	519
489	777
489	142
489	784
489	786
489	531
489	1310
489	581
489	547
489	764
489	556
489	1582
489	816
489	562
489	563
489	564
489	566
489	905
489	824
489	2100
489	927
489	572
489	578
489	2102
489	838
489	457
489	588
489	717
489	592
489	594
489	725
489	726
489	599
489	720
489	613
489	616
489	489
489	490
489	491
489	748
489	494
489	758
489	498
489	756
489	630
489	617
489	505
489	506
489	508
490	5580
490	15452
490	695
491	611
491	618
491	625
491	531
491	756
491	1310
491	1278
491	799
492	954
492	2262
4178	17209
4178	9315
4178	3303
495	663
497	45580
498	1538
498	11907
498	519
498	1545
498	3213
498	1550
498	40579
498	663
498	4253
498	1310
498	927
498	40864
498	673
498	4260
498	764
498	2396
498	816
498	2100
498	4290
498	714
498	889
498	2384
498	611
498	10196
498	5973
498	642
498	599
498	4316
498	12515
498	40556
498	625
498	756
498	40313
498	508
498	76413
28755	1068
502	15405
505	1622
505	10759
505	10760
505	663
505	174
505	527
505	645
505	532
505	1493
505	4314
505	1883
505	1884
505	4250
505	581
508	80584
508	625
508	756
508	1310
509	625
509	1068
509	756
509	1310
509	10759
510	21511
514	9313
514	34530
514	971
514	5041
514	29224
514	23082
514	13355
514	10701
514	238
514	33736
514	9814
514	151
514	15449
514	34554
514	4589
514	4413
515	20440
515	2289
515	36642
515	2353
518	641
519	641
519	1538
519	714
519	663
519	1582
519	625
519	756
519	3351
519	538
519	927
519	1310
519	2879
49673	3028
29205	3351
33294	10349
527	11907
527	10759
527	10760
527	663
527	916
527	11671
527	920
527	1959
527	15146
527	11691
527	174
527	11824
527	13320
527	2100
527	954
527	78140
527	20676
527	1867
527	6596
527	2262
527	2137
527	11739
527	14559
527	77538
527	19495
527	10349
527	532
527	26367
12376	40322
12376	1541
12376	142
12376	5197
12376	5198
12376	719
12376	3213
12376	786
12376	2100
12376	1550
12376	80447
530	2289
531	756
531	1310
532	10759
532	144
532	146
532	11907
532	663
532	11678
532	547
532	135
532	812
532	5041
532	2100
532	10808
532	2105
532	14559
532	656
532	131
532	9323
532	238
532	11773
536	588
538	2289
538	786
538	756
538	854
538	663
538	1310
540	1959
540	10760
540	3213
540	174
540	2262
540	2137
540	78395
541	2289
542	1243
542	3228
543	2289
544	26689
544	26678
544	1891
544	580
544	11525
544	26694
544	10760
544	954
544	20686
544	1199
544	20689
544	20690
544	21459
544	2262
544	4314
544	1243
544	20701
545	4259
545	722
545	558
545	786
545	547
545	663
545	634
547	10760
547	174
547	4259
547	1759
549	174
549	1959
550	10759
82471	80337
82471	3213
558	641
558	982
558	17286
558	4316
558	1548
558	3312
558	1552
558	786
558	919
558	28444
558	1310
558	1062
558	28327
558	23721
558	28231
558	1068
558	1069
558	1070
558	28336
558	1586
558	334
558	756
558	1336
558	825
558	28220
558	28356
558	28229
558	1185
558	761
558	28236
558	5198
558	28239
558	592
558	28344
558	851
558	1364
558	28366
558	854
558	4857
558	3932
558	8519
558	28198
558	1516
558	8173
558	28398
558	28272
558	625
558	628
558	28244
563	15689
563	34425
564	15689
564	34425
565	905
565	3117
565	142
565	11907
565	663
567	2289
82491	80295
572	1504
572	756
572	1310
572	625
573	2289
575	611
49732	14640
581	15689
581	34425
49737	17973
588	897
588	840
588	1902
588	1903
82511	14640
596	2289
597	45580
598	786
598	1310
599	1068
599	690
599	1230
599	725
599	927
600	641
600	714
600	1068
600	625
600	786
600	756
600	1310
82522	37341
603	625
603	756
603	1310
604	10760
604	174
605	15405
607	2289
607	641
1384	15452
611	2658
611	34405
611	625
611	1578
611	791
611	4785
611	756
611	52727
611	1310
616	1538
616	1582
616	625
616	722
616	756
616	1310
617	756
617	1310
617	625
618	2289
82023	78909
622	11907
622	3303
622	1068
622	3117
622	142
622	36598
623	625
623	756
623	1310
624	625
624	756
624	1310
625	1538
625	854
625	905
625	1546
625	1548
625	642
625	1552
625	786
625	663
625	1310
625	928
625	1317
625	679
625	1066
625	1582
625	817
625	1334
625	823
625	835
625	713
625	714
625	720
625	851
625	1492
625	726
625	730
625	733
625	735
625	864
625	742
625	914
625	40563
625	756
625	2169
625	762
628	641
628	1068
628	851
628	756
628	854
628	1310
632	961
634	1310
17855	34904
17855	5552
17855	4163
17855	4110
17855	9315
82556	82555
641	1541
641	10250
641	1548
641	19985
641	10259
641	1062
641	1063
641	1066
641	1068
641	1586
641	2100
641	4163
641	5197
641	5198
641	20047
641	4696
641	3697
641	3701
641	3191
641	2169
641	642
641	3722
641	17175
641	142
641	663
641	5293
641	714
641	28367
641	3283
641	3284
641	726
641	86231
641	86233
641	86234
641	719
641	3293
641	3303
641	3307
641	3312
641	86257
641	756
641	4857
641	5380
641	5381
641	786
641	1070
641	3863
641	86297
641	17114
641	1310
641	7458
641	17193
641	1334
641	1336
641	825
641	2879
641	18241
641	835
641	3382
641	86348
641	86349
641	86350
641	86351
641	851
641	5973
641	854
641	4961
641	3945
641	3948
641	17265
641	4979
641	6017
641	919
641	1955
641	17317
641	2482
641	5580
641	4558
641	982
641	985
641	7644
641	6627
641	3923
642	756
642	1310
643	15452
643	695
645	35091
645	1959
49799	49307
49800	49307
49801	49307
49802	49307
49803	49307
49804	49307
49805	49307
49806	49307
49807	49307
656	11907
656	2100
656	151
663	905
663	4254
663	786
663	4247
663	4250
663	4259
663	4260
663	1067
663	1070
663	1310
663	971
663	5973
663	4312
663	985
663	4314
663	4316
663	1246
663	775
663	756
663	764
673	756
674	756
674	1310
675	46876
679	756
679	1310
684	3117
686	2289
686	756
686	1310
690	1068
693	2289
693	1068
695	27392
695	45058
695	29189
695	33808
695	29192
695	28687
695	10256
695	3587
695	3604
695	4632
695	15791
695	3620
695	34822
695	15452
695	45062
695	67362
695	4533
695	10314
695	695
695	9294
695	51794
695	15447
695	33807
695	34396
695	3165
695	15454
695	6635
695	28688
695	34412
695	34416
695	3702
695	3707
695	34428
695	3199
695	5312
695	14467
695	53381
695	15494
695	15500
695	3213
695	10382
695	3216
695	3219
695	4766
695	53919
695	15520
695	46242
695	46243
695	46245
695	40614
695	46248
695	46249
695	5292
695	46253
695	5295
695	5299
695	1813
695	5301
695	29878
695	10185
695	5304
695	700
695	5309
695	5310
695	5311
695	29376
695	5315
695	15557
695	6856
695	34506
695	36642
695	7406
695	19668
695	5334
695	3468
695	5341
695	29406
695	5343
695	53477
695	61675
695	29420
695	36590
695	29430
695	29431
695	15612
695	11520
695	36609
695	18197
695	35097
695	930
695	67360
695	67361
695	15650
695	67363
695	67364
695	67365
695	67366
695	67367
695	48936
695	53981
695	2353
695	5342
695	3901
695	18239
695	7500
695	5443
695	17734
695	34444
695	843
695	17740
695	17234
695	35159
695	54104
695	54105
695	54106
695	17247
695	17248
695	5478
695	35176
695	6631
695	1393
695	3454
695	40427
695	15749
695	15750
695	3463
695	15754
695	15756
695	17293
695	15758
695	15760
695	15765
695	4505
695	15769
695	29167
695	15773
695	15774
695	15775
695	15778
695	19375
695	35249
695	15796
695	35230
695	15798
695	15805
695	15807
695	15808
695	15810
695	9462
695	15815
695	15817
695	3019
695	15820
695	5288
695	15826
695	29141
695	4214
695	29144
695	5599
695	45059
695	46246
695	29159
695	29163
695	493
695	32751
695	10225
695	45047
695	45051
695	45052
695	29182
696	11721
700	15452
46650	46876
8309	3213
706	2133
706	2134
706	2075
706	2076
706	2077
706	2078
5579	17234
5579	33766
5579	5599
708	756
708	5580
708	15774
708	1310
708	3303
42231	5205
713	928
713	3303
713	5580
713	756
713	2169
713	1310
714	1548
714	1068
714	786
714	1582
714	1364
714	5973
714	756
714	1310
718	1068
719	11907
719	1068
719	3213
719	142
719	786
719	5198
719	854
719	2169
719	40442
719	80447
720	36642
720	807
720	5580
720	2353
720	1310
722	6106
722	1310
723	580
723	26757
723	10760
723	174
723	17658
725	2289
725	889
726	851
726	756
726	1310
82647	15126
17112	5293
730	756
730	1310
731	4259
733	756
733	1310
733	807
17118	3231
735	2289
735	756
735	1310
736	3117
736	142
17121	21511
17123	3231
17124	3303
17124	3351
17125	2876
17125	3303
742	851
742	756
742	1310
28667	151
28667	1230
28667	2271
756	1538
756	854
756	905
756	1546
756	1548
756	1552
756	856
756	786
756	1300
756	28951
756	1583
756	1310
756	928
756	1584
756	2417
756	936
756	1066
756	1067
756	1325
756	1071
756	1328
756	775
756	1586
756	1587
756	1334
756	1079
756	756
756	835
756	1078
756	985
756	823
756	1360
756	817
756	851
756	1492
756	857
756	864
756	5986
756	914
756	499
756	807
756	2169
756	762
756	4223
761	29732
762	786
762	1310
8319	3228
764	5970
764	5966
764	5967
764	5968
764	5969
764	5971
764	5972
764	905
764	15689
764	34425
765	905
17150	3351
17151	3303
768	15698
771	45580
17156	33808
17156	4748
17156	36598
17156	3303
82693	3117
774	5552
775	1310
777	2289
777	786
777	789
779	17973
17164	3303
781	1068
781	36598
782	15698
782	6106
783	11739
17169	3303
786	39630
786	1538
786	11907
786	1541
786	39617
786	39639
786	1548
786	142
786	854
786	20440
786	786
786	28435
786	28437
786	40598
786	1582
786	1310
786	40475
786	17265
786	1066
786	1068
786	1070
786	889
786	2100
786	2102
786	982
786	825
786	1213
786	4163
786	37576
786	5197
786	5198
786	851
786	6627
786	1364
786	1550
786	39640
786	6106
786	39646
786	4091
786	3945
786	39613
786	2289
786	39667
786	3191
786	28792
786	39715
786	40442
786	29051
786	39677
786	5973
787	15689
789	1068
791	11739
8985	36478
8325	6627
8325	3228
8325	17350
8325	7991
17184	3303
82723	15923
804	10760
804	40475
804	174
134	9322
807	53379
807	53380
807	3604
807	53528
807	53404
807	29341
807	1310
807	7457
807	53415
807	3228
807	53469
807	39732
807	53440
807	1352
807	5580
807	29144
807	857
807	4316
807	53471
807	53484
17193	1068
17193	3303
135	2105
812	2105
17197	3303
815	9322
815	11739
817	1310
9011	4314
9011	10349
9012	10760
9012	4314
9012	10349
17206	3303
823	1310
82744	3213
825	28229
825	29350
825	28489
825	1068
825	2289
825	28789
825	1336
17212	3303
17213	3303
830	2289
831	2289
832	2289
17888	10759
835	36642
835	5580
835	1582
835	2353
835	1310
17225	3303
843	15452
17228	3303
17228	1068
7666	5580
17234	929
17234	53919
17234	3592
17234	10250
17234	4748
17234	15757
17234	67231
17234	15759
17234	10256
17234	5315
17234	18197
17234	22806
17234	3481
17234	15774
17234	3231
17234	11297
17234	67234
17234	67235
17234	67236
17234	6054
17234	48936
17234	5596
17234	4110
17234	5295
17234	5552
17234	5599
17234	67254
17234	5559
17234	6587
17234	17209
17234	4666
17234	2876
17234	15805
17234	2878
17234	2960
17234	4163
17234	67524
17234	36598
17234	5537
17234	15817
17234	5580
17234	5539
17234	5328
17234	17234
17234	17235
17234	33806
17234	33750
17234	34904
17234	9315
17234	33807
17234	15452
17234	17247
17234	17248
17234	33808
17234	5603
17234	5604
17234	33766
17234	3303
17234	33768
17234	3309
17234	67240
17234	33778
17234	5310
17234	14474
17234	67578
17234	15612
17234	15741
17235	14474
17235	4748
17235	33806
17235	33807
17235	33808
17235	15774
17235	11297
17235	48936
17235	15452
17235	5552
17235	17209
17235	4666
17235	17247
17235	15805
17235	5580
17235	33750
17235	34904
17235	5596
17235	5599
17235	17248
17235	10256
17235	9315
17235	5604
17235	33766
17235	3303
17235	15612
17235	15741
8334	3228
8334	10349
854	3169
854	10759
854	1068
854	1586
854	851
854	142
854	1336
854	1310
17239	3481
17239	3351
857	1310
17243	3481
17243	33778
17243	17244
17243	3351
17244	7707
17244	3351
17247	17248
17247	33808
17247	4748
17247	5315
17247	33766
17247	5596
17247	15452
17247	10250
17247	3468
17247	15805
17247	10256
17247	5559
17247	33807
17247	15612
17247	15741
17247	5599
864	2289
864	1068
864	1310
144	11907
144	142
144	2100
144	5336
144	11739
17250	3351
17255	29755
874	3117
875	40475
146	11907
146	3303
146	457
146	3117
146	1550
146	2100
146	142
1393	2289
1393	15452
8571	3228
17265	9315
17265	3303
17265	4558
17265	2100
17265	142
17265	28792
17267	19800
17267	6106
17267	5527
17267	5580
17267	3303
885	15923
885	1068
885	3117
148	11907
148	142
890	78427
890	4483
890	1317
890	26694
890	10759
890	1959
890	20684
890	11695
890	19637
890	26383
890	1246
46570	3647
9087	1243
46571	3647
901	1959
33672	5905
33672	14873
33672	8697
33672	151
905	4253
905	1310
151	14474
151	34829
151	33678
151	5905
151	33812
151	3481
151	34904
151	19097
151	7471
151	33695
151	7968
151	5287
151	5265
151	3117
151	13359
151	457
151	33722
151	29755
151	3850
151	8129
151	4163
151	33734
151	33866
151	971
151	1230
151	9315
151	34900
151	35074
151	4696
151	29732
151	10715
151	28381
151	2271
151	12513
151	33723
151	5477
151	2023
151	1002
151	3309
151	5336
151	3704
151	20884
151	4988
151	9322
17292	5539
17292	3351
17293	5580
17293	15452
913	3213
914	1310
916	2100
33685	9315
8345	3228
25496	26555
25496	9051
25496	26446
25496	22544
25496	24273
25496	20914
25496	22484
25496	22486
25496	22487
25496	22491
25496	26556
46575	46574
925	10760
927	2160
927	1068
927	2063
927	2064
927	2289
927	2137
927	1948
927	1949
927	1950
928	29159
928	15757
928	29144
928	1310
58273	11773
58274	11773
155	11907
936	1310
5298	3303
939	4110
70409	68216
17325	1068
946	1504
17331	2986
17331	3351
949	3303
950	1548
33723	5336
33726	2137
41920	33027
41920	10436
41920	45426
41920	5205
41920	74718
961	1504
961	2289
962	2289
962	2262
963	2289
17350	1062
17350	7719
17350	7991
17350	3704
17350	15461
17351	5539
17351	17973
1527	10349
8354	3228
8355	4110
8355	3351
33748	19794
33749	9315
982	1068
982	2289
982	1336
41943	10349
33752	5552
33752	3351
33752	3303
985	1310
33755	34904
33755	5552
74717	28858
74717	19183
8357	8321
33761	5295
9186	8321
1531	2105
33766	4748
33766	3468
33766	33808
33766	5580
33768	5291
33768	14474
33768	4748
33768	15757
33768	10256
33768	3481
33768	11297
33768	930
33768	5547
33768	5559
33768	2876
33768	15805
33768	15813
33768	3918
33768	5327
33768	5596
33768	6111
33768	5603
33768	4585
33768	61681
33768	33778
33774	3351
33774	29343
1007	10349
33776	10250
33777	34904
33777	11297
33777	5552
33777	9315
33778	5291
33778	4110
33778	3351
33783	3117
1019	2289
66558	67240
33794	3351
33798	3303
33799	3351
33804	19800
33804	19794
33804	19798
33804	5527
33805	19794
33806	5312
33806	5603
33806	10250
33806	15757
33806	15741
33806	5309
33806	14474
33806	15805
33806	5310
33806	5311
4269	2048
4269	15689
4269	3647
33808	4748
33808	15452
9234	8321
58387	10349
174	1959
174	4508
174	5178
174	4314
174	1884
174	4506
33815	34904
33815	9315
33815	29755
27483	3117
1061	47936
1061	5539
1061	3117
1061	4110
1061	142
1061	3351
1062	1068
1063	3303
1066	3303
1066	1310
1067	1310
1067	3303
1068	19460
1068	1541
1068	1543
1068	1545
1068	1548
1068	1550
1068	1555
1068	3092
1068	3094
1068	1586
1068	28767
1068	28744
1068	28745
1068	28746
1068	28747
1068	28748
1068	28749
1068	5198
1068	1616
1068	1617
1068	28754
1068	28756
1068	28757
1068	28758
1068	28759
1068	28760
1068	28761
1068	28762
1068	28763
1068	28764
1068	28765
1068	28766
1068	4703
1068	28768
1068	28769
1068	29284
1068	29285
1068	29286
1068	29287
1068	29288
1068	29289
1068	2170
1068	2172
1068	2173
1068	3225
1068	3226
1068	5285
1068	4264
1068	4787
1068	2233
1068	5317
1068	3296
1068	17661
1068	1278
1068	27397
1068	17673
1068	1295
1068	17175
1068	1310
1068	7457
1068	1318
1068	1336
1068	18241
1068	1364
1068	23898
1068	18273
1068	889
1068	3456
1068	18307
1068	27543
1068	3482
1068	3485
1068	5197
1068	28750
1068	14300
1068	17885
1068	28752
1068	28753
1068	5613
1068	5618
1068	4179
1068	17884
1069	1336
1069	52876
1070	4334
1071	1310
33840	3303
1078	1310
1079	1310
1079	3303
9273	8321
33860	29755
33860	5580
42056	15774
8375	5552
8375	3303
6856	15452
9294	15452
33871	1901
8376	3228
33880	29732
21666	26675
33882	29732
33884	2048
33884	34940
33884	3213
33884	17973
33884	80315
33884	37340
33884	37341
28858	20951
9313	29732
9313	3303
9315	6017
9315	5291
9315	5380
9315	3990
9315	8129
9315	5512
9315	5548
9315	14474
9315	4110
9315	5293
9315	14480
9315	4696
9315	7698
9315	2966
9315	28311
9315	15768
9315	3481
9315	5533
9315	7838
9315	3231
9315	3871
9315	11297
9315	5282
9315	5529
9315	5191
9315	5292
9315	3885
9315	7471
9315	8177
9315	3697
9315	29755
9315	5547
9315	2879
9315	5024
9315	4163
9315	5381
9315	15813
9315	3271
9315	5195
9315	5580
9315	5328
9315	3284
9315	34903
9315	34904
9315	5604
9315	12514
9315	5527
9315	15461
9315	5287
9315	3309
9315	28279
9315	3704
9315	4220
9319	9322
9320	3647
8380	3228
9322	29224
9322	4457
9322	971
9322	14508
9322	10701
9322	14514
9322	9814
9322	34906
9322	4589
9322	34653
8381	34904
8381	3117
4287	4232
1149	3228
1150	3228
1151	1492
20672	2262
20674	2262
8388	3228
1187	11739
1199	10760
1199	78388
1199	1959
8392	3228
8393	3228
33977	11773
33977	17973
26773	26774
203	2105
203	11739
203	10349
8396	3228
1230	11907
1230	3213
1230	5973
1230	2169
1230	19097
1230	80447
8397	3228
1233	2169
42194	5205
1236	142
1237	21459
42198	5205
1239	10800
1239	10798
1239	10799
1243	23619
1243	2021
1243	23881
1243	2124
1243	1891
1243	1244
1243	26751
1246	1959
1246	10759
8400	3228
17639	2027
17639	33300
4679	29732
8402	3228
17647	3213
17647	29311
42229	10349
9462	15452
17655	12515
17655	24004
42232	5205
8404	3228
17658	954
17658	78492
58621	11773
1278	40444
1278	24007
1278	2255
17663	4091
17663	2100
17663	142
9472	8321
1281	2105
1287	2289
1288	2289
1293	2289
1294	3351
8408	3228
1300	1310
1302	15698
1302	6106
1309	2289
1310	1538
1310	1546
1310	1548
1310	1552
1310	1310
1310	1317
1310	1318
1310	1325
1310	1582
1310	1586
1310	1334
1310	1336
1310	1360
1310	851
1310	1492
1310	2169
1310	4223
1315	2289
1317	2169
1317	1582
17714	15405
1334	3303
1334	5580
1334	2289
1334	15774
1336	28196
1336	3303
1336	5198
1336	851
1336	2271
17734	15452
1351	2289
17740	15452
12514	5552
1360	5580
1360	3303
17747	40416
17747	3213
17747	5459
17747	17973
17747	15126
17747	19578
1364	18339
1364	1548
1364	2289
1364	2100
1364	28789
1364	29051
1371	20440
1371	1541
1372	15689
1373	7688
1373	29001
1373	1556
1373	1502
1373	35161
1373	35162
1373	1566
53477	15452
81083	80447
1377	2100
1377	2102
1377	142
1377	3117
17768	29935
9578	8321
17771	10349
1391	2289
1392	2289
17777	954
17777	1959
17778	10759
4329	1501
1402	2289
43925	3647
45076	44588
8434	3228
17845	81782
245	11739
46668	3647
70382	68216
248	11721
1493	10760
46672	10214
46672	3647
8443	3228
1516	28200
1518	2289
61693	61620
8446	3228
17911	15689
17911	3647
17912	15689
8507	3228
17914	34904
17914	4110
58875	18166
1536	15405
1537	11773
1538	2289
1541	29051
1541	5414
1541	1550
1541	2100
1541	889
1543	2289
1543	1550
1545	2289
1546	2289
1548	36171
1548	1550
1548	851
1548	20440
1548	19420
1548	15327
1550	20614
1550	20754
1550	19480
1550	39707
1550	1948
1550	17709
1550	13361
1550	2100
1550	5305
1550	2376
1550	3272
1550	38349
1550	28889
1550	40443
1550	12517
1550	5995
1550	4594
1550	40441
1550	40442
1550	29051
1551	2289
1552	10184
1552	28239
1552	851
1562	2289
1566	21458
1566	1901
8453	3228
1582	5580
5725	2289
1586	3303
1586	851
17238	48018
17238	3351
17973	3203
17973	3213
17973	3117
17973	52496
17973	3218
17973	3221
17973	15126
17973	3098
17973	3099
17973	35100
17973	3233
17973	29475
17973	81884
17973	80762
17973	20022
17973	67642
17973	4805
17973	37321
17973	78798
17973	15953
17973	27349
17973	6871
17973	77562
17973	4196
17973	27365
17973	80337
17973	34940
17973	3050
17973	3669
17973	5459
17973	10229
17973	3575
17973	19578
17973	19452
17973	28309
1593	3303
1595	10759
8458	3228
1598	3647
1607	26325
1607	3647
1609	46876
1610	45580
1612	15689
1612	3559
1612	3647
1612	34425
81070	80447
8510	3228
34396	4748
34396	15452
9823	7707
8464	3228
9827	5503
34405	15405
11784	2100
11784	3117
11784	142
29515	28398
46833	46574
34412	15452
9837	21511
34414	15689
34416	15452
5737	2289
34425	5632
34425	5411
34425	15689
34425	5166
34425	2259
34425	29174
34425	46589
34425	3647
34427	3117
34428	15452
29516	28398
34444	15452
8472	3228
5742	2289
9879	7471
9888	10349
9888	10759
67235	22806
67236	67264
67236	67265
67236	67271
67236	5288
67236	67304
67236	67312
67236	67272
67236	48820
9893	3213
67240	34506
67240	67244
67240	49009
67240	67350
67240	67351
67240	15774
34478	2876
67248	67254
9906	15774
59059	2876
59060	2876
59061	2876
67254	67522
67254	67558
67254	67475
67254	67476
67254	67478
67254	67482
67254	67484
67254	67581
67254	67582
59064	2876
59066	59088
59066	2876
59068	2876
59069	2876
67264	67264
67264	67265
67264	67271
67264	67272
67264	48820
59073	2876
26306	11668
34506	15452
34506	18197
34506	5599
59086	2876
26325	2048
26325	5632
26325	29130
26325	45580
26325	29546
26325	3647
9942	36598
8484	3228
34522	5503
18145	3351
18146	3117
26367	954
26367	10759
300	5539
300	4110
300	3351
67339	67261
42771	11773
1813	15452
48185	3351
26397	21459
26398	21459
67360	15452
67361	15452
67362	15452
67363	15452
67364	15452
67365	15452
67366	15452
67367	15452
67368	15452
34601	15405
8498	3228
64061	64040
34616	4589
34620	29311
34621	29311
34622	29311
18239	15452
18241	3303
1860	21511
28927	4573
36615	36478
26449	20807
34642	2169
1881	954
1881	21511
1884	10349
1884	1959
8506	3228
1895	2137
1895	21511
1901	34997
1901	35607
1901	33870
33086	2137
1911	4260
1912	4260
34831	11739
34688	7471
8514	3228
46744	46574
1939	4260
1943	2289
1948	11907
1952	37341
1953	2289
18339	2100
18339	29051
18339	29311
1959	7682
1959	10760
1959	19465
1959	22028
1959	21521
1959	22034
1959	12821
1959	10351
1959	15263
1959	4507
1959	7462
1959	6058
1959	5640
1959	2106
1959	20668
1959	23741
1959	20676
1959	20677
1959	20934
1959	24013
1959	21464
1959	954
1959	14559
1959	78865
1959	12521
1959	10349
1959	20975
1959	5373
1959	21525
8519	3228
1964	3228
5905	5265
8521	3228
10170	3078
10170	3647
10171	2048
26561	11668
26562	11668
26563	11668
26564	11668
26565	11668
26566	11668
26567	11668
34761	15689
26570	11668
26571	11668
26572	11668
26573	11668
26574	11668
26575	11668
26576	11668
26577	11668
26578	11668
26579	11668
26580	11668
26581	11668
26582	11668
26583	11668
26584	11668
26585	11668
26586	11668
26587	11668
26588	11668
26589	11668
26590	11668
26591	11668
26592	11668
26593	11668
26594	11668
26595	11668
26596	11668
26598	11668
26599	11668
26600	11668
26601	11668
26602	11668
26604	11668
26605	11668
26606	11668
26607	11668
26608	11668
10225	15452
26610	11668
26611	11668
26612	11668
26613	11668
26614	11668
26615	11668
26616	11668
26617	11668
26618	11668
26619	11668
26620	11668
26621	11668
26622	11668
26623	11668
26624	11668
26625	11668
26626	11668
26627	11668
26628	11668
26629	11668
26630	11668
26631	11668
10248	9321
10248	2879
10248	3351
26633	11668
10250	5328
10250	5315
10250	3303
10250	3592
10250	4748
10250	14474
10250	3468
10250	15757
10250	5326
10250	48936
10250	5603
10250	29755
10250	2878
26635	11668
26636	11668
26637	11668
26638	11668
26639	11668
10256	5603
10256	15452
10256	14474
10256	4748
10256	5580
10256	15759
10256	15794
10256	5559
10256	5295
10256	15612
10256	15774
26641	11668
26642	11668
26643	11668
26644	11668
26645	11668
26646	11668
26647	11668
26648	11668
26649	11668
26650	11668
26651	11668
26652	11668
26653	11668
26654	11668
26655	11668
26656	11668
26657	11668
26658	11668
26659	11668
26660	11668
26661	11668
26662	11668
26663	11668
26664	11668
26665	11668
26666	11668
26667	11668
26668	11668
26669	11668
19464	5580
26675	21040
26675	26676
26675	21045
26675	21054
26675	21055
26675	21056
26675	21063
26675	21064
26675	21069
26675	21080
26675	21086
26675	21088
26675	21092
26675	21096
26675	21097
26675	21100
26675	21106
26675	21107
26675	21110
26675	21111
26675	21115
26675	21119
26675	21125
26675	21129
26675	21130
26675	21141
26675	21146
26675	21147
26675	21148
26675	21149
26675	21150
26675	21151
26675	21152
26675	21665
26675	21182
26675	21186
26675	21190
26675	21198
26675	21206
26675	21218
26675	21229
26675	21230
26675	21238
26675	21243
26675	21245
26675	21246
26675	21248
26675	21253
26675	21256
26675	21270
26675	21272
26675	21278
26675	21285
26675	21286
26675	21287
26675	21288
26675	20778
26675	21292
26675	21295
26675	21296
26675	21809
26675	21810
26675	21811
26675	21301
26675	21308
26675	21316
26675	21323
26675	21324
26675	21328
26675	21330
26675	20822
26675	21343
26675	21353
26675	21356
26675	21357
26675	20848
26675	21361
26675	21362
26675	21363
26675	21367
26675	23420
26675	21374
26675	21377
26675	21381
26675	21384
26675	21388
26675	21390
26675	21394
26675	21401
26675	21403
26675	21405
26675	21406
26675	21420
26675	21424
26675	21426
26675	21429
26675	21431
26675	21432
26675	21433
26675	21442
26675	20946
26675	22516
2100	11678
2100	5290
2100	3271
2100	34974
2100	2102
2100	2103
2100	10808
2100	34975
2100	35253
2100	40374
2100	3272
2100	457
2100	5197
2100	20047
2100	142
2100	3600
2100	889
2100	12512
2100	12513
2100	4091
2100	3945
2100	4460
2100	34932
2100	3191
2100	4217
2102	5537
2102	142
2102	2103
2102	4091
2103	5537
2103	4091
2103	142
26680	26679
2105	14555
2105	36548
2105	36656
2105	36549
2106	2262
2106	10759
10302	5336
80541	80584
80541	80315
26689	21150
26689	21063
2117	4091
2117	142
49505	49307
2120	2289
10314	15452
34891	80584
34891	3647
81087	80447
2126	20684
8527	3228
34903	34904
34904	5547
34904	5380
34904	5381
34904	5548
34904	14474
34904	3990
34904	3481
34904	5533
34904	7838
34904	3871
34904	5024
34904	11297
34904	5529
34904	5291
34904	5292
34904	5293
34904	7471
34904	3231
34904	2879
34904	8129
34904	4163
34904	5526
34904	5191
34904	5195
34904	5580
34904	5328
34904	3284
34904	4696
34904	5604
34904	5527
34904	5287
34904	3309
34904	3697
34904	28279
34904	3704
2137	11680
2137	12387
2137	5701
2137	2022
2137	6693
2137	5706
2137	20679
2137	5037
2137	15280
2137	7889
2137	20693
2137	20670
2137	11679
5797	2289
59485	6039
59486	6039
2143	21459
61608	61620
8550	3228
10343	10349
9916	3117
10348	10349
10349	23040
10349	21507
10349	10757
10349	13320
10349	5688
10349	78393
10349	78394
10349	2659
10349	35431
10349	10349
10349	10356
10349	10357
10349	10364
10349	10366
10349	10367
10349	10368
10349	10370
10349	10371
10349	10372
10349	10377
10349	10379
10349	10380
10349	10389
10349	29873
10349	29879
10349	29884
10349	20683
10349	59631
10349	59633
10349	59634
10349	59635
10349	42237
10349	29484
10349	30009
10349	30012
10349	23376
10349	78392
10349	9045
10349	9046
10349	35159
10349	45426
10349	31812
10349	4506
10349	32674
10349	5562
10349	19401
10349	10702
10349	10226
10351	4314
10351	954
10351	4196
10351	3213
2251	2289
49513	49307
2169	15650
2169	40806
2169	457
2169	28688
2169	851
2169	5335
2169	40805
3096	5537
5827	2289
10393	3647
34973	3213
48155	48018
80924	80584
10410	3303
34999	3117
35002	5503
35003	3303
35006	5336
4469	39677
48160	47984
35010	15405
2246	2289
35015	15405
35018	15405
2253	2289
35022	11773
35023	15405
49528	49307
2259	15689
2259	3647
46798	46574
2262	10759
2262	4503
2262	4507
2262	5277
2262	11679
2262	15016
2262	11702
2262	5688
2262	20669
2262	20670
2262	20671
2262	20673
2262	20675
2262	20681
2262	2378
10455	8321
2271	29311
35041	11773
35042	11773
35043	11773
35044	11773
3622	4110
49534	49307
2299	11739
46805	46574
35074	35075
35074	35076
35074	35077
35074	971
35077	11739
35088	5336
8580	3228
35098	15405
35100	34940
35102	45580
8534	3228
8582	8321
2353	2051
2353	36642
2353	36643
2353	36644
2353	11691
2353	36660
2353	36661
2353	36662
2353	36663
2353	36664
2353	15452
2353	493
2353	36591
49545	49307
2369	2289
2373	2289
35144	10759
34530	9814
2386	2289
46819	46574
35159	15452
18776	11668
2396	2289
2398	21459
8361	3228
35175	4589
35176	5580
35176	15452
3134	5314
46827	46574
35205	15405
35206	15405
35207	15405
35207	3303
5869	2289
2453	15689
35222	4110
4505	15452
2460	11907
35230	15452
80923	80584
46832	46574
35234	3117
35235	3117
10663	36669
35240	3303
2479	5336
35249	15452
2482	3303
5875	2289
46836	46574
46838	46574
46839	46574
10701	20440
10702	5336
10706	5336
10707	5336
10715	10808
82737	3213
46843	46574
46846	46574
8617	8321
46847	46574
2556	3385
2556	12515
2556	24004
10753	21511
10759	23041
10759	13320
10759	11785
10759	21507
10759	4250
10759	11679
10759	11680
10759	36653
10759	4787
10759	14518
10759	14515
10759	14555
10759	954
10760	7682
10760	5277
10760	4508
10760	5688
10760	5690
10760	4288
10760	4314
10760	20965
10760	5358
8621	3228
46853	46574
36639	36640
36639	36530
36639	36638
10798	2876
10800	10801
10808	3117
5543	3213
68705	68216
51794	15452
2645	15126
68183	954
2649	2289
29003	61680
68192	3117
70395	68216
68216	70401
68216	70408
68216	70410
68216	70411
68216	70416
68216	68247
68216	70384
68216	14634
68216	70407
68216	70193
68216	70388
68216	70491
68216	70394
68216	68702
68216	68704
68216	68707
68216	68709
68216	70374
68216	68711
68216	70376
68216	68713
68216	70378
68216	70375
68216	70383
68216	68720
68216	70386
68216	70515
68216	68724
68216	68726
68216	70391
68216	68730
68216	68731
68216	68733
68216	69886
18197	11297
18197	2878
18197	5596
18197	2960
18197	5301
18197	15452
18197	15774
18197	5599
68225	11721
11373	8321
68241	11721
19097	11907
19097	5287
11375	8321
11376	8321
46865	46574
457	11907
457	5580
457	3213
457	142
29130	5632
29130	4429
29130	4560
29130	4625
29130	1010
29130	6839
29130	3647
68295	11721
35960	36598
27349	3213
19169	17248
19169	4748
19183	20951
19197	6106
27392	15452
35598	3303
35599	3303
35600	3303
35601	11773
2842	44259
2842	3117
2842	142
37341	12386
37341	37340
37341	15916
37341	3213
37341	80337
37341	82523
2866	4110
2866	3351
2871	3231
2876	47233
2876	3714
2876	27526
2876	3592
2876	3465
2876	14474
2876	3468
2876	15757
2876	4110
2876	4625
2876	7698
2876	6039
2876	6040
2876	5529
2876	6042
2876	3228
2876	6048
2876	11297
2876	5539
2876	6054
2876	2878
2876	3527
2876	3912
2876	4748
2876	5603
2876	2934
2876	5496
2878	11297
2878	5603
2878	6054
2878	3592
2878	48936
2878	6040
2878	14474
2879	5552
2879	3351
2879	17209
2879	29755
8552	3228
19276	36598
2893	3231
4579	3647
2905	4110
2905	41711
2907	3213
12372	3647
11408	8321
2919	142
11410	8321
2930	4110
2934	5539
2934	6039
2935	3303
2939	3176
2939	142
81387	80447
27520	5503
27526	3303
2958	3303
493	36642
493	15452
2960	3117
2962	4110
27539	4748
2965	3117
2978	5539
2978	4110
2978	3303
2979	3231
2986	5539
2986	3351
19375	15452
46920	46585
8691	3303
27580	29311
46922	46585
3008	5539
3008	4110
3011	142
4598	45580
4598	3647
3014	4110
3015	5447
3015	44584
3015	5193
3015	39112
3015	15698
3015	11742
3019	5580
3019	5539
3019	15452
19406	36598
3026	3303
3028	3108
3046	3233
3050	15126
81391	80447
19452	3213
3069	3233
3075	3303
3078	3647
3079	4110
3080	142
19484	11773
40475	3840
40475	40476
40475	40477
40475	40478
40475	40479
40475	40480
40475	40481
40475	40482
40475	40483
40475	40484
40475	40485
40475	40486
40475	40487
40475	40488
40475	40489
40475	40490
40475	40491
40475	40492
40475	40493
40475	40494
40475	40495
40475	40496
40475	40497
40475	40498
40475	40499
40475	19663
40475	5455
11297	3592
11297	14474
11297	15768
11297	6054
11297	5292
11297	5328
11297	3285
11297	4696
11297	5603
11297	5604
11297	5477
11297	2023
11297	3309
3108	49316
3108	49288
3108	49298
3108	49301
3108	49307
19495	12515
19495	24004
19495	21511
67420	3481
3117	11904
3117	11907
3117	3204
3117	3213
3117	142
3117	11667
3117	28948
3117	3228
3117	29466
3117	77470
3117	4512
3117	31138
3117	29094
3117	7463
3117	34932
3117	31801
3117	17338
3117	5438
3117	5314
3117	971
3117	11721
3117	28746
3117	7991
3117	32716
3117	7505
3117	5539
3117	11732
3117	5335
3117	15452
3117	6111
3117	12515
3117	5476
3117	930
3117	12519
3117	77477
3117	5097
3117	4330
3117	5442
3117	11794
3117	4091
3117	1010
3117	20724
3117	19576
3117	29332
3117	5890
3117	5290
3117	14334
67421	3303
81394	80447
46830	46574
3163	14640
3163	15689
3165	15452
3169	3176
3176	37613
3176	37614
3176	29169
3176	37590
3176	3863
3176	3480
3176	37593
3176	37599
11372	8321
11374	8321
81085	80447
19569	15698
19569	5447
11378	3228
3191	5477
3191	3303
3191	5580
3191	142
3191	4091
19578	3213
3199	15452
3203	3218
3203	5476
3203	3213
3204	5539
3204	4110
3204	142
3205	142
3205	3303
81089	80447
3213	80590
3213	80388
3213	80534
3213	3213
3213	142
3213	80429
3213	80337
3213	3218
3213	80645
3213	15126
3213	14873
3213	34940
3213	21534
3213	80543
3213	80928
3213	3233
3213	32526
3213	82075
3213	80548
3213	37340
3213	23082
3213	15916
3213	14640
3213	80371
3213	29172
3213	80570
3213	80315
3213	80317
3213	82719
3213	80447
3213	4805
3213	3271
3213	80378
3213	80634
3213	15953
3213	80466
3213	80465
3213	80356
3213	80414
3213	11746
3213	5476
3213	80412
3213	4839
3213	80360
3213	80423
3213	80363
3213	80364
3213	80594
3213	81412
3213	5459
3213	20724
3213	10229
3213	80376
3213	80510
11406	8321
11407	8321
3216	15452
11409	8321
3218	67642
3218	69324
3219	15452
3225	15923
3228	6663
3228	2073
3228	1135
3228	8321
3228	3714
3228	8335
3228	8336
3228	8339
3228	8340
3228	8395
3228	8398
3228	8399
3228	8417
3228	8423
3228	8425
3228	5359
3228	8437
3228	8440
3228	8447
3228	8448
3228	7991
3228	6106
3228	6627
3228	2024
3228	5336
3230	4110
3231	3481
3231	5537
3231	4163
3231	5331
3231	3303
3231	4110
3231	17140
3231	17077
3231	17209
3231	4666
3231	5501
3231	17119
3233	80337
3233	15953
3233	5459
3233	81884
41500	41501
19637	21511
19646	5316
19655	15405
3272	142
3280	19800
3280	19794
3281	19794
3281	19798
26569	11668
3283	19794
3283	3303
19668	6106
19668	15452
3287	19800
3289	5552
3289	3303
81103	80447
3293	3303
3298	4558
3298	3303
3303	18436
3303	4623
3303	3600
3303	19985
3303	5380
3303	5381
3303	32291
3303	4143
3303	4163
3303	5526
3303	5191
3303	5193
3303	5197
3303	3885
3303	4696
3303	3678
3303	15458
3303	3703
3303	3697
3303	3701
3303	12921
3303	3707
3303	3714
3303	14474
3303	3863
3303	4755
3303	29332
3303	3734
3303	7838
3303	5286
3303	5287
3303	5289
3303	5292
3303	5293
3303	5295
3303	4979
3303	4278
3303	7644
3303	5309
3303	5310
3303	5311
3303	5312
3303	5315
3303	5319
3303	5580
3303	28279
3303	5324
3303	3284
3303	12513
3303	3303
3303	3307
3303	4334
3303	61679
3303	28400
3303	4857
3303	4861
3303	5163
3303	3845
3303	17161
3303	3850
3303	67349
3303	17175
3303	3871
3303	3873
3303	5510
3303	15669
3303	17209
3303	17214
3303	3382
3303	3918
3303	3983
3303	5472
3303	4961
3303	45923
3303	3942
3303	3944
3303	3945
3303	5485
3303	17263
3303	5519
3303	15742
3303	5503
3303	6017
3303	3990
3303	919
3303	15759
3303	15766
3303	5527
3303	15768
3303	5532
3303	5533
3303	5534
3303	929
3303	5547
3303	15791
3303	5558
3303	15805
3303	15813
3303	15817
3303	15820
3303	40406
3303	5596
3303	5603
3303	5604
3303	4585
3303	3923
3307	4558
3309	14474
3309	5552
3309	15452
3309	15774
3284	5552
11520	5580
11520	15452
3351	47947
3351	33795
3351	3460
3351	3670
3351	5510
3351	3372
3351	3466
3351	32087
3351	48002
3351	48018
3351	48019
3351	48148
3351	3351
3351	7707
3351	3868
3351	7838
3351	29343
3351	47982
3351	5333
3351	7708
3351	5163
3351	5300
3351	47961
3351	3894
3351	47931
3351	5547
3351	47934
3351	47936
3351	5313
3351	47938
3351	47939
3351	15813
3351	4678
3351	5321
3351	5507
3351	3918
3351	3408
3351	5331
3351	3669
3351	47972
3351	18405
3351	3431
3351	3433
3351	48158
3351	20587
3351	5485
3351	47984
3351	47990
3351	47957
3354	5503
930	5539
930	5580
930	4110
930	15452
81401	80447
3395	142
19786	19800
19786	19794
19786	19798
80584	80896
80584	80897
80584	80898
80584	80899
80584	4356
80584	80901
80584	80902
80584	80903
80584	80904
80584	80905
80584	80906
80584	80907
80584	80908
80584	80909
80584	80910
80584	80911
80584	80912
80584	80913
80584	80914
80584	80915
80584	80916
80584	80917
80584	80918
80584	80919
80584	80920
80584	80900
80584	80922
80584	5404
80584	80925
80584	78909
80584	80921
80584	5088
80584	4330
80584	80895
3405	31707
19792	19800
19792	19794
19792	19798
19794	45697
19794	45703
19794	45704
19794	45705
19794	45712
19794	5527
19794	45724
19794	29480
19794	45683
19794	3656
19794	20430
19794	19796
19794	19798
19794	19800
19794	5600
19794	45682
19794	3923
19796	19800
19798	19800
19798	45697
19798	46000
19798	45705
19798	45944
19798	45850
19798	45951
36184	15698
36184	6106
81093	80447
4666	5547
4666	15813
4666	5291
4666	3990
3423	4110
36196	11739
3431	47936
3431	7707
3433	47936
3433	47939
3433	47984
11642	11667
21055	20851
21055	20807
81404	80447
3454	15452
3460	47936
3460	7707
3460	3918
3463	15452
3466	47936
3466	5539
3468	3592
3468	15452
3468	48936
3468	36598
11667	11681
11667	7492
11667	11851
11667	11822
11667	11764
11667	11832
11667	11739
11667	11679
11668	26632
11668	26634
11668	26640
11668	11839
11668	24736
11668	26568
11668	26597
11668	26603
11668	26609
11671	36653
11671	14575
3481	5547
3481	4110
3481	5537
3481	19878
3481	5291
3481	3894
3481	5314
3481	4163
3481	15813
3481	5580
3481	5477
3481	5501
3485	80447
11678	11684
11679	6693
11679	2054
11679	11673
11681	15268
11681	21511
11684	11907
11685	11907
11686	11907
11687	11907
11688	11907
11689	11907
33747	6106
11691	36642
11691	11907
11692	11907
11697	11773
11697	15405
3527	5539
11721	14572
11721	4623
11721	14640
11721	40500
3545	15689
11739	14598
11739	34830
11739	15637
11739	30235
11739	18209
11739	15910
11739	14891
11739	5041
11739	13364
11739	5562
11739	45116
11739	78837
11739	36798
11739	4554
11739	5454
11739	78836
10211	5539
11746	80295
3559	7472
3559	5469
3559	3647
7421	8148
52725	11773
11772	11773
11773	18434
11773	55315
11773	11824
11773	70207
11773	70210
11773	55993
11773	15466
11773	4726
11773	20928
11773	55426
11773	78785
11773	12994
11773	45204
11773	5269
11773	45207
11773	77997
11773	15534
11773	78793
11773	55996
11773	4797
11773	29377
11773	4290
11773	69324
11773	28884
11773	29415
11773	45800
11773	31984
11773	78803
11773	28920
11773	45822
11773	32524
11773	29966
11773	29471
11773	15670
11773	62776
11773	30522
11773	40265
11773	47437
11773	77965
11773	29014
11773	78567
11773	14702
11773	78228
11773	44928
11773	44947
11773	13204
11773	70041
11773	32678
11773	78781
11773	78782
11773	78783
11773	78784
11773	44993
11773	78786
11773	78787
11773	78788
11773	78789
11773	78790
11773	78791
11773	78792
11773	24009
11773	78794
11773	78795
11773	78796
11773	78797
11773	78798
11773	78799
11773	78800
11773	78801
11773	78802
11773	1277
11773	78804
11773	78805
11773	78806
11773	78807
11773	78808
11773	15613
11773	11773
3582	3647
3584	3647
3587	15452
3592	6039
3592	14474
82519	78909
3600	5316
3600	4091
3600	142
11794	15268
3604	15452
3605	15689
3606	15689
23852	80447
3620	15452
28231	29313
28231	28398
4706	5336
20054	29311
36464	36478
3702	15452
3703	15689
3704	5477
3704	971
3707	15452
44669	3918
36478	36613
36478	36616
36478	36617
36478	36618
36478	36619
36478	36620
36478	36621
36478	36622
36478	36623
36478	36625
36478	36626
36478	36483
36478	36628
36478	36630
36478	36634
36478	36635
36478	36636
36478	36641
36478	33458
36478	36530
36478	36540
36478	36554
36478	36555
36478	36556
36478	36557
36478	36558
36478	36560
36478	36562
36478	36563
36478	36564
36478	5838
36478	36568
36478	36710
36478	36587
36478	36627
36478	36478
11904	142
3713	47936
11907	2054
11907	142
11907	5290
11907	971
11907	6693
11907	12517
11907	7463
11907	14320
67774	5537
28308	39677
3750	4110
28335	39677
36530	36665
36530	36669
10185	15452
28365	29313
28365	28398
28365	5783
28381	15689
28381	4805
28381	4573
77538	954
36580	36757
36590	15452
36591	36642
28402	39677
36598	13358
36598	29679
36598	1394
36598	14515
36598	32084
36598	40021
36598	29983
29311	12519
29311	4589
29311	1010
29311	1363
29311	7701
29311	34623
36609	15452
29313	29315
29313	29316
29313	29317
29313	29318
29313	29320
29313	29319
29313	28398
29313	5783
3854	3945
18405	48018
18405	4110
3868	3918
10202	45580
29317	28398
36642	36642
36642	2051
36642	36644
36642	36643
36642	15452
3877	15689
2012	4260
29319	28398
36653	21511
29320	28398
36666	36667
3901	15452
36670	36669
3903	15698
36672	36669
10208	15478
10208	45580
10208	4429
10208	5461
10208	3647
36674	36669
36675	36669
36676	36669
36677	36669
36678	36669
36679	36669
36681	36669
36682	36669
36683	36669
36684	36669
36685	36669
3918	47936
3918	5547
3918	4110
3918	7707
3918	29343
36687	36669
36688	36669
36689	36669
36690	36669
36692	36669
36693	36669
36694	36669
36695	36669
36696	36669
36697	36669
36698	36669
36699	36669
36700	36669
36701	36669
36702	36669
36704	36669
36705	36669
36706	36669
3944	29343
2023	14474
3949	6106
3954	4091
3954	142
29333	5539
10220	3647
3990	5552
36772	80447
29321	5783
21150	20807
4282	4259
21151	20807
10229	4465
10229	5459
3403	48018
3403	4110
28615	29308
20440	5240
3408	48018
4070	4091
4070	142
67580	67580
45042	15698
45047	15452
45051	15452
45052	15452
2048	29546
2048	4278
2048	3647
45058	15452
45059	15452
45060	15452
45062	15452
2049	5539
2049	4110
4110	5163
4110	10247
4110	5548
4110	14474
4110	5549
4110	3479
4110	5529
4110	5287
4110	48936
4110	5296
4110	5291
4110	3894
4110	5304
4110	5547
4110	5313
4110	4163
4110	15813
4110	5319
4110	15817
4110	5282
4110	5328
4110	5329
4110	4696
4110	5603
4110	5492
28687	15452
28688	15452
19800	5600
19800	45705
19800	5527
19800	45688
4116	5537
4116	4091
4116	142
4229	4254
8321	9263
8321	9576
8321	9471
45097	15126
4138	142
10249	9321
4163	5547
4163	14474
4163	5529
4163	5024
4163	5287
4163	5291
4163	5548
4163	5580
4163	142
4163	4696
4163	4703
4163	4091
28744	142
28752	15923
28752	142
12387	15280
4196	31812
4210	35223
4214	15452
28792	40403
28792	40404
4217	5314
29328	5314
4224	4254
2050	5539
53381	15452
4232	3647
4241	4254
53395	5552
53395	15774
81263	80447
4252	15689
4254	4347
4254	4348
4254	4349
4254	4350
4254	4351
4258	4260
4260	5185
4260	4355
4260	4356
4260	4296
4260	5961
4260	5962
4260	5960
4260	5912
4260	5910
142	7745
142	142
142	5314
142	5316
142	5197
142	6756
142	29275
142	14300
142	12512
142	12513
142	29284
142	12517
142	4330
142	39661
142	4091
142	34932
142	29051
142	5290
7539	5783
61620	54256
61620	5769
61620	61659
53429	5769
20670	21511
20670	14575
20671	21511
4288	954
20679	21511
20684	5373
20684	954
20693	29489
20693	21511
4314	4506
4314	4507
61660	29144
12512	4091
12513	15405
12513	4091
21148	20807
12515	24004
12515	4589
12515	4722
12515	4468
12515	4734
4330	14640
61675	15452
4338	2289
20724	14640
20724	5459
4341	2289
47063	47064
4345	2289
53504	5777
2091	2289
82646	15126
82648	15126
20778	20807
34517	5503
4413	29732
20806	20807
20807	21152
20807	21063
20807	21420
20807	21069
20807	20946
20807	20851
20807	2122
20807	21047
20807	21146
20807	21147
20807	21149
26679	26681
4429	3647
20833	15280
4468	24004
45429	15452
29051	40943
29051	4091
4483	21511
48159	47984
46564	3647
78224	29489
11673	29489
11673	78860
11673	14575
78253	5753
49797	49307
4533	15452
3697	5477
3697	5552
3697	29755
2122	23394
2122	21019
5607	9321
4560	45580
4560	3647
29141	15452
29144	15452
37340	80337
37340	4805
4573	29732
29158	29755
29159	15452
29163	5580
29163	15452
29163	53919
4589	24004
29167	15452
29168	29755
29174	15689
29176	3647
29182	15452
29189	15452
29192	5580
29192	15452
29192	5310
29194	6139
29194	24007
29194	2255
45580	5169
45580	6982
45580	5452
45580	6703
45580	4625
45580	6839
45580	17080
45580	3647
4625	6039
29443	6106
4632	15452
4642	5537
4642	5580
8364	5336
40374	889
21063	23394
4683	15405
4696	5552
78429	21511
4703	29732
29287	15923
4722	24004
45688	5527
29308	5783
4734	24004
29314	28398
29315	28398
45705	5527
4746	15689
4748	15757
4748	15759
4748	5559
4748	15810
4748	5326
4748	5327
4748	5329
4748	17248
4748	5474
4748	5604
21142	21145
21149	21451
4766	15452
53919	5295
53919	15452
53919	5309
29344	15005
21157	21158
24007	40680
29356	21511
10252	9321
15817	5295
15817	15452
34932	5314
34932	4091
82719	32526
29376	15452
78542	21511
78543	21511
78544	21511
53981	15452
29406	15452
29420	15452
29430	15452
29431	15452
49808	49307
4863	5580
811	2289
29489	40434
49972	5314
34955	5537
49974	5314
29514	28398
29517	28398
17209	5291
17209	5604
17209	15813
17209	5163
17209	5292
17209	5547
54104	15452
54105	15452
54106	15452
54107	15452
29546	3647
81383	80447
7659	6040
49540	49307
81389	80447
5024	5477
5024	5552
17080	5469
81402	80447
81403	80447
5097	6106
5100	39677
81407	80447
21511	21511
21511	15901
21511	20648
21511	23743
21511	23745
21511	15687
21511	24008
21511	7889
21511	21491
21511	5753
81410	80447
29732	971
29732	13358
29732	33881
5166	15689
5173	5336
29755	5328
29755	5477
29755	15405
29755	5533
29755	5287
29755	28279
29755	5604
29755	3871
29755	5532
29755	14474
78909	80449
78909	80388
78909	80378
17248	5295
17248	15452
17248	15741
5191	5552
5197	5198
5197	40442
5197	4091
5198	40322
5198	40442
5205	42221
871	3647
5228	2289
5236	2289
46820	46574
5239	2289
5242	2289
5245	2289
5246	2289
5253	2289
5260	2289
5263	2289
5267	2289
5271	2289
5273	2289
17263	5552
46242	15452
46243	15452
46245	15452
46246	15452
5287	5477
5287	5552
5287	5336
46248	15452
46249	15452
5290	5314
5290	5316
5290	5580
5291	5537
46252	15452
46253	15452
46254	15452
46255	15452
46256	15452
46258	15452
5299	15452
5300	47936
5301	5580
5301	5539
5301	15452
29878	15452
5304	5539
5304	15452
5309	5580
5309	15452
5310	15452
5310	15741
5311	15452
5311	15741
5312	15452
5313	47936
5313	5539
5313	7707
5314	5529
5314	5539
35019	15126
5316	5315
5316	5539
5316	15547
5319	5539
5328	5580
5328	5552
5328	14474
5334	15452
5336	5530
5336	5172
5336	6626
5336	6870
5336	15599
5336	28279
5336	5752
5341	15452
5342	15452
5343	15452
5351	9321
34822	5580
34822	15452
5380	5552
5380	15774
5381	5552
5409	2289
5410	15689
5411	15689
5443	15452
5447	15698
5447	6791
40503	39677
5459	80327
5459	15126
5469	47203
5469	47204
5469	47205
5469	46884
5469	3647
5477	14474
5477	5580
5477	7471
5477	14480
5478	15452
28279	5552
5487	7487
5493	15689
5496	5599
5496	33807
3647	46594
3647	46595
3647	46876
3647	46627
3647	46583
3647	47094
3647	7472
3647	5632
3647	6839
3647	15689
3647	6607
3647	6648
3647	46585
3647	47065
3647	46566
3647	46574
3647	46632
3647	15478
3647	46613
5502	9321
5503	5580
5503	35193
5503	5503
40513	39677
5512	5552
920	954
5526	5552
5526	5580
5527	5552
5527	6106
5527	5580
5529	5552
5531	6106
15941	6106
5537	15813
5537	48944
5537	48945
5537	48947
5537	5547
5539	929
5539	5295
5539	5296
46955	46574
2289	5851
2289	5817
2289	5721
2289	5724
2289	5700
2289	5701
2289	5702
2289	5703
2289	5704
2289	5705
2289	5706
2289	5707
2289	5708
2289	5709
2289	5710
2289	5711
2289	5712
2289	5713
2289	5714
2289	5715
2289	5716
2289	5717
2289	5718
2289	5719
2289	5720
2289	5722
2289	5723
2289	15452
2289	5726
2289	5727
2289	5728
2289	5729
2289	5730
2289	5731
2289	5732
2289	5733
2289	5734
2289	5735
2289	5736
2289	5738
2289	5739
2289	5741
2289	5743
2289	5744
2289	5745
2289	5746
2289	5747
2289	5749
2289	5750
2289	5752
2289	5753
2289	5755
2289	5756
2289	5759
2289	5760
2289	5761
2289	5762
2289	5763
2289	5764
2289	5766
2289	5767
2289	5768
2289	5740
2289	5770
2289	5771
2289	5773
2289	5774
2289	5776
2289	2705
2289	5778
2289	5780
2289	5781
2289	5782
2289	5784
2289	5786
2289	5787
2289	5788
2289	5790
2289	5791
2289	5792
2289	5793
2289	5794
2289	5795
2289	5796
2289	5798
2289	5799
2289	5785
2289	5801
2289	5802
2289	5751
2289	5804
2289	5805
2289	5806
2289	5807
2289	5808
2289	5809
2289	5810
2289	5811
2289	5812
2289	5813
2289	5814
2289	5815
2289	5816
2289	5748
2289	5818
2289	5819
2289	5820
2289	5821
2289	5822
2289	5823
2289	5824
2289	5825
2289	5826
2289	5828
2289	5803
2289	5831
2289	5832
2289	5833
2289	5834
2289	5836
2289	5838
2289	5837
2289	5840
2289	5841
2289	5842
2289	5843
2289	5844
2289	5845
2289	5846
2289	5847
2289	5848
2289	5849
2289	5850
2289	5839
2289	5852
2289	5754
2289	5854
2289	5855
2289	5856
2289	5857
2289	5858
2289	5859
2289	5860
2289	5861
2289	5862
2289	5863
2289	5864
2289	5865
2289	5866
2289	5867
2289	5868
2289	5870
2289	5359
2289	5872
2289	5873
2289	5876
2289	5878
2289	5879
2289	5880
2289	5882
2289	5883
2289	5884
2289	5885
2289	5886
2289	5887
2289	1289
2289	5765
2289	5853
2289	5835
2289	5769
2289	2376
2289	5772
2289	2392
2289	2394
2289	5775
2289	5757
2289	5777
2289	5779
2289	5758
2289	5783
2289	5871
2289	5874
2289	5789
2289	5877
2289	5829
2289	5881
2289	2642
2289	5615
2289	5830
2289	5800
2289	5627
5547	7707
5548	5552
5550	15689
5552	15766
5552	14474
5552	14480
5552	15768
5552	3871
5552	5292
5552	5293
5552	7471
5552	8177
5552	5580
5552	5604
5559	5603
5559	15794
5559	15759
5559	15612
5580	15758
5580	33807
5580	15768
5580	5295
5580	15774
5580	15785
5580	5292
5580	15791
5580	15805
5580	15807
5580	15810
5580	15813
5580	15820
5580	33750
5580	15454
5580	5599
5580	5604
5596	15757
5596	5295
5596	15741
5598	15698
5599	5288
5599	33807
5599	15452
5599	15774
5603	15612
5603	15759
5603	15805
5603	15741
5604	14474
40529	39677
46574	46849
46574	46850
46574	46851
46574	46852
46574	46854
46574	46855
46574	46858
46574	46862
46574	46863
46574	46864
46574	46649
46574	47292
46574	47038
46574	47296
46574	47297
46574	47298
46574	46918
46574	47073
46574	46947
46574	46937
46574	46939
46574	46940
46574	46941
46574	46942
46574	46943
46574	46944
46574	46945
46574	46946
46574	46949
46574	46950
46574	46951
46574	46952
46574	46953
46574	46954
46574	46578
46574	46835
46574	46948
46574	46842
46579	46585
46585	47249
46585	47250
46585	47251
46585	46895
46585	46898
46585	46899
46585	46901
46585	46902
46585	46903
46585	47034
46585	46907
46585	46908
46585	46909
46585	46910
46585	46911
46585	46913
46585	46914
46585	46915
46585	46916
46585	46917
46585	46918
46585	46923
5632	15689
46594	47064
954	7889
954	21464
46697	15689
5753	14575
5783	28398
971	15689
5838	36669
46876	7483
46876	46877
46876	46878
46876	46879
46880	15478
49298	49298
46957	15478
6018	80447
6026	6039
6034	6039
6039	6088
6040	9321
50159	80447
10565	80447
6106	14472
6106	40427
6106	3871
29664	9814
47087	15478
47135	15478
49307	49798
33807	15452
14467	15452
14474	5292
14474	15452
64042	64040
47302	15126
39112	15698
64043	64040
14640	7427
14640	7919
14640	15126
5172	15689
63840	9321
80293	15126
80295	80928
80295	80388
80295	80594
80295	80317
80305	80465
80315	80555
74831	11151
63968	64040
6631	15452
80375	80808
23054	15268
14875	15126
64040	64037
64040	64039
64040	64041
64040	64044
64040	64045
64040	64046
64040	64047
64040	64048
64040	64049
64040	64050
64040	64051
64040	64052
64040	64053
64040	64054
64040	64055
64040	64056
64040	64057
64040	64059
64040	64060
64040	64062
64040	64063
64040	64064
64040	64065
64040	64066
64040	64067
64040	64068
64040	64069
64040	64070
64040	64071
64040	64072
64040	64073
64040	64074
64040	64075
64040	64076
64040	64077
64040	64078
64040	64079
64040	64080
64040	64081
64040	64082
64040	64085
64040	64086
64040	64087
64040	64105
23082	9814
36622	36669
9321	5282
9321	10251
9321	10254
6791	15698
80534	80928
15002	15002
36635	36669
80570	80447
80335	80447
39648	39677
39649	39677
39677	40556
39677	40557
39677	40558
39677	40562
39677	40559
39677	40554
39677	40545
39677	40561
39677	40501
39677	40502
39677	40504
39677	40505
39677	40506
39677	40507
39677	40508
39677	40509
39677	40510
39677	40511
39677	40512
39677	40514
39677	40515
39677	40516
39677	40517
39677	40518
39677	40519
39677	40520
39677	40521
39677	40522
39677	40523
39677	40524
39677	40525
39677	40526
39677	40527
39677	40528
39677	40530
39677	40531
39677	40532
39677	40533
39677	40534
39677	40535
39677	40536
39677	40537
39677	40538
39677	40539
39677	40540
39677	40541
39677	40542
39677	40543
39677	40546
39677	40547
39677	40548
39677	40549
39677	40550
39677	40551
39677	40552
39677	40544
39677	40298
39677	40555
39677	40300
39677	40301
39677	40302
39677	40303
39677	40560
39677	40305
39677	40306
39677	40307
39677	40553
39677	39677
80645	81133
39706	17709
31540	31544
31540	31551
31543	31544
31544	31553
47934	7707
47936	47939
47936	15501
47936	47982
47936	40406
47936	7707
47939	47984
47939	47961
3894	48018
47962	7707
47962	48148
47966	7707
36669	36671
36669	36673
36669	36680
36669	36686
36669	36691
36669	36703
48018	7707
48018	48163
48018	48151
48018	48148
48018	48186
5288	15452
80896	80447
5292	15452
48148	48156
48148	48158
5295	15452
48158	7707
48166	48184
46257	15452
48172	7707
15447	15452
15452	15791
15452	15452
15452	15454
15452	15494
15452	15500
15452	15520
15452	40614
15452	5315
15452	15557
15452	7406
15452	15612
15452	15650
15452	48936
15452	7500
15452	40427
15452	15749
15452	15750
15452	15754
15452	15756
15452	15758
15452	15760
15452	15765
15452	15769
15452	15773
15452	15774
15452	15775
15452	15778
15452	15796
15452	15798
15452	15805
15452	15807
15452	15808
15452	15810
15452	15815
15452	15820
15452	15826
15452	32751
80993	80447
81000	80447
81066	80447
81067	80447
81068	80447
81069	80447
81071	80447
81073	80447
81074	80447
81075	80447
81077	80447
81079	80447
81080	80447
81081	80447
81082	80447
81084	80447
81086	80447
81090	80447
81091	80447
81092	80447
81094	80447
81095	80447
81097	80447
81099	80447
81100	80447
81102	80447
81105	80447
81106	80447
81107	80447
81108	80447
81109	80447
81111	80447
81112	80447
81113	80447
81117	80447
81121	80447
15612	15757
15612	15759
15612	15774
15689	7505
80447	81408
80447	81411
80447	81409
80447	81382
80447	81384
80447	81385
80447	81386
80447	81388
80447	81390
80447	81392
80447	81393
80447	81395
80447	81396
80447	81397
80447	81398
80447	81399
80447	81400
80447	81405
80447	81406
15741	15805
40322	40442
43051	43051
