2	611
3	36580
3	24534
3	10759
3	744
3	10761
3	106
3	2353
3	174
3	493
3	113
3	118
3	2105
3	36478
3	36549
4	256
4	389
4	8326
4	9
4	10
4	8336
4	3604
4	10389
4	8601
4	3228
4	8351
4	59557
4	5033
4	171
4	301
4	174
4	1199
4	76
4	178
4	179
4	9046
4	5562
4	196
4	201
4	17740
4	78
4	29654
4	784
4	231
4	2024
4	10345
4	111
4	112
4	41457
4	242
4	118
4	119
7	174
9	174
10	174
40982	28792
40987	928
40987	786
40987	5314
29	151
30	905
30	491
30	493
30	2353
30	663
30	505
30	4250
40993	142
40995	12376
8239	10208
51	29732
51	118
51	106
51	493
51	174
51	720
51	2353
51	29654
51	89
34145	1002
76	174
77	174
78	174
79	33027
79	5205
84	3228
88	10208
89	29732
89	10761
89	5611
89	110
89	111
89	174
89	29655
89	89
89	92
89	95
92	174
95	174
95	807
82021	3213
102	15689
102	787
102	34425
103	113
103	11732
103	24534
103	118
104	11695
106	10755
106	196
106	36549
106	744
106	203
106	493
106	174
106	2353
106	14515
106	118
106	119
110	10761
111	174
111	807
112	3228
112	24534
112	174
116	174
118	3233
118	3213
118	174
118	493
118	2353
118	36478
119	24534
119	3213
119	174
121	174
123	515
123	261
123	138
123	3213
123	143
123	656
123	152
123	148
123	151
123	35224
123	7463
123	425
123	5290
123	437
123	444
123	565
123	450
123	457
123	971
123	1377
123	611
123	498
123	4217
124	151
125	905
125	663
125	527
128	786
128	493
129	280
129	4988
129	3213
130	15405
130	34806
130	3213
8325	11426
8326	3228
8326	174
135	3213
135	151
49288	3108
138	3412
138	3213
8331	3228
49293	3108
142	5314
142	491
142	3191
142	3213
142	1550
142	786
142	142
142	151
142	12376
142	29051
143	7968
143	63968
143	64036
143	64037
143	518
143	64039
143	64040
143	64055
143	492
143	34413
143	3854
143	146
143	5422
143	2100
143	446
143	1399
143	29018
143	925
143	11678
143	565
144	744
144	489
144	15405
146	3213
146	1550
31427	1399
148	3412
148	3213
148	3559
49301	3108
49302	3108
151	5641
151	11791
151	7699
151	21025
151	1572
151	29755
151	4163
151	33860
151	9315
151	9814
151	12385
151	34915
151	5905
151	616
151	9322
151	7788
151	3697
151	3191
151	3704
151	28796
151	29311
151	14474
151	5314
151	14480
151	3220
151	28311
151	19097
151	7838
151	5287
151	1218
151	6605
151	5336
151	29732
151	732
151	9952
151	34530
151	17125
151	744
151	14040
151	17169
151	7471
151	11739
151	7968
151	3873
151	27427
151	15653
151	34607
151	17714
151	3382
151	318
151	3412
151	1888
151	656
151	5477
151	1384
151	17112
151	2930
151	885
151	2935
151	5510
151	6040
151	3481
151	5533
151	5024
151	8612
151	429
151	5553
151	33715
151	4033
151	450
151	33219
151	453
151	33736
151	11721
151	5579
151	5580
151	10701
151	14329
151	10715
151	2023
151	4072
151	5611
151	19796
151	33790
8345	3228
49307	3108
49308	3108
49309	3108
8351	3228
8352	174
82082	14313
8355	4110
8355	3351
164	29656
49318	3108
170	174
171	174
172	174
1394	36598
174	10752
174	10753
174	10755
174	10758
174	10759
174	10760
174	10761
174	10763
174	10765
174	10766
174	527
174	540
174	547
174	2106
174	33294
174	2659
174	10343
174	10349
174	13934
174	5753
174	10366
174	8327
174	8334
174	4250
174	3228
174	178
174	179
174	181
174	182
174	183
174	184
174	186
174	188
174	189
174	190
174	191
174	193
174	10443
174	196
174	197
174	198
174	200
174	201
174	203
174	204
174	207
174	208
174	210
174	723
174	231
174	233
174	251
174	256
174	36609
174	276
174	1352
174	9045
174	1895
174	36712
174	389
174	8601
174	1959
174	5033
174	452
174	29654
174	29660
174	478
174	5611
174	10226
174	33790
174	1527
174	505
174	510
181	3228
8375	1002
8379	3228
193	807
196	493
196	720
196	2353
196	24534
8391	3228
201	3228
216	3228
231	5205
251	3213
253	33027
254	58384
254	10759
10965	10808
33027	41920
33027	10436
33027	58384
33027	45426
33027	5205
33027	74718
261	3412
261	3213
262	3213
39639	786
39640	786
280	28355
280	17161
280	5995
280	3213
280	1230
280	20047
280	719
280	47887
280	17214
8473	74741
8485	36478
300	4110
300	3351
306	3228
41272	74741
318	787
318	1492
10977	10808
49482	49652
34927	34899
334	1552
334	558
27365	5459
27365	17973
39658	786
8580	3228
8583	3228
393	3108
8586	3228
8590	74741
401	3228
8598	19794
3014	4110
8601	3228
19183	7991
419	489
419	891
419	491
419	547
419	1399
8612	11426
8612	19097
8612	1002
8612	17145
8612	17691
8612	1375
421	3213
425	34425
425	15689
425	905
425	663
425	12376
425	505
8619	786
8619	1375
429	17714
429	1230
49583	3108
435	3213
435	927
436	5314
436	3213
437	6018
437	3213
8630	3213
439	34899
8632	3228
442	3213
444	3213
447	498
447	491
447	3213
448	489
448	498
448	3213
448	1310
450	493
33219	29732
33219	3213
452	547
452	20676
452	10759
452	14890
452	491
452	3213
452	493
452	14736
452	2262
452	11671
452	505
452	4250
453	489
453	491
456	3745
456	5442
456	47971
456	1061
456	3431
456	5313
456	519
456	4110
456	1492
456	3351
457	905
457	491
457	3213
457	663
457	505
70393	68216
463	2105
463	36549
468	2105
471	2105
471	36549
482	489
486	489
489	640
489	611
489	747
489	645
489	518
489	519
489	905
489	663
489	1548
489	786
489	531
489	535
489	1310
489	581
489	674
489	934
489	881
489	554
489	882
489	558
489	563
489	564
489	565
489	566
489	927
489	572
489	573
489	702
489	693
489	859
489	583
489	840
489	714
489	593
489	547
489	853
489	854
489	731
489	607
489	635
489	869
489	616
489	489
489	491
489	623
489	625
489	498
489	499
489	628
489	757
489	506
489	507
489	764
491	771
491	645
491	519
491	527
491	530
491	917
491	663
491	1310
491	545
491	1830
491	554
491	685
491	689
491	562
491	565
491	566
491	696
491	697
491	573
491	547
491	599
491	611
491	618
491	619
491	620
491	786
491	498
491	764
491	765
491	766
492	544
492	20676
492	20684
492	9012
492	2262
492	4506
492	11695
492	1884
492	925
493	36642
493	133
493	11691
493	36591
493	2353
493	527
498	2178
498	519
498	777
498	3213
498	76430
498	786
498	28435
498	28308
498	663
498	1310
498	905
498	835
498	714
498	4430
498	599
498	616
498	40556
498	505
498	508
505	645
505	10759
505	5640
505	905
505	22028
505	527
505	656
505	663
505	4250
505	4508
505	11679
505	1884
505	563
505	565
505	581
505	24010
505	20683
505	604
505	5214
505	4217
505	764
505	765
505	766
509	17145
509	786
509	1310
509	10759
510	29938
515	2353
515	3213
518	641
518	1412
518	786
518	950
518	64090
518	64091
518	64092
518	64093
519	3297
519	5442
519	47971
519	3745
519	663
519	786
519	17263
519	905
519	1492
519	3351
519	641
519	1310
519	927
527	890
527	23661
527	804
527	10759
527	12521
527	15405
527	11695
527	14736
527	905
527	3213
527	2262
527	663
527	954
527	11773
527	14559
531	1310
532	3213
532	14890
532	11671
532	15405
532	10759
538	1310
540	544
540	20676
540	14890
540	20684
540	11695
540	2262
540	11671
540	4988
544	25423
544	1891
544	20676
544	5308
544	3228
544	20687
544	20689
544	21459
544	20724
544	2262
544	745
544	948
544	20666
544	20827
544	1884
545	547
545	786
545	4259
545	663
547	4259
547	723
547	1759
549	14890
549	11671
550	10759
49703	49287
49704	49287
49705	49287
554	81782
49707	49287
49708	49287
49709	49287
558	641
558	5198
558	2947
558	982
558	17286
558	1548
558	1550
558	1552
558	786
558	8268
558	8090
558	1310
558	927
558	1185
558	28196
558	17317
558	1062
558	1063
558	29227
558	1068
558	1069
558	17327
558	10184
558	1586
558	29491
558	1336
558	825
558	4282
558	889
558	28223
558	1860
558	28229
558	28360
558	2249
558	17739
558	28236
558	1230
558	28239
558	592
558	28366
558	854
558	599
558	5467
558	7644
558	28198
558	28199
558	8173
558	28272
558	1010
558	5747
558	628
558	761
558	2170
558	28287
49711	49287
49712	49287
49713	49287
562	3213
563	15689
563	34425
564	787
564	15689
564	34425
565	905
565	663
49719	49287
49720	49287
49721	49287
49722	49287
571	3213
572	1310
49726	49287
49727	49287
49728	49287
49729	49287
579	663
581	15689
581	787
581	34425
49737	3218
49737	5459
49737	17973
82508	17973
82509	3213
592	641
598	1310
599	1550
599	927
600	641
600	1492
600	1310
603	1310
604	4250
604	11702
607	674
607	641
35600	33796
611	40388
611	3269
611	1578
611	52722
611	5236
611	789
611	791
611	52740
611	9930
611	1310
616	674
616	1310
617	1310
622	693
622	36598
623	1310
623	663
624	1310
625	1310
628	6017
628	17317
628	641
628	3948
628	5293
628	8173
628	3312
628	19985
628	10259
628	1550
628	3127
628	3923
628	7644
628	1310
634	1310
641	6017
641	825
641	3307
641	5380
641	1541
641	18241
641	3948
641	3722
641	3863
641	1548
641	5293
641	1552
641	19985
641	786
641	10259
641	5910
641	17175
641	1310
641	5381
641	928
641	3312
641	7458
641	1955
641	17317
641	1062
641	1063
641	17193
641	1066
641	28331
641	2482
641	1070
641	1586
641	4979
641	854
641	81333
641	3382
641	3697
641	1336
641	919
641	8629
641	54849
641	4961
641	2316
641	714
641	4215
641	5580
641	5197
641	4558
641	719
641	3283
641	1236
641	5198
641	726
641	4857
641	949
641	851
641	985
641	7644
641	3293
641	1375
641	86368
641	3425
641	3298
641	6627
641	3303
641	28199
641	3180
641	5613
641	17264
641	17265
641	3923
641	5492
641	3701
641	1526
641	3191
641	3284
641	663
641	5973
642	1310
643	807
645	663
82569	3213
656	905
656	663
82580	3213
663	4224
663	1538
663	905
663	4254
663	4247
663	674
663	4259
663	775
663	1070
663	1310
663	4278
663	823
663	5963
663	765
663	851
663	1236
663	985
663	1883
663	1246
663	4215
663	4217
663	4218
663	764
667	4988
667	17973
667	3213
674	5632
674	722
674	1310
679	1310
686	1310
690	786
17077	3231
17084	3231
708	1310
713	1310
714	3213
714	1310
719	2048
719	6018
720	29957
720	807
720	2353
720	1310
25297	14736
722	1310
726	1310
17112	17235
17113	17235
730	1310
731	4259
733	1310
17118	3231
735	1310
736	5314
739	14890
739	11671
17124	3297
17125	17234
17125	2876
17125	7838
742	1310
748	787
750	3213
755	3213
756	1310
761	1550
762	786
762	1310
764	34425
764	15689
764	905
765	905
765	3647
766	17145
17156	36598
775	1310
775	1246
41739	3351
17164	17145
781	36598
35629	7838
786	5380
786	1541
786	29194
786	1548
786	39693
786	1552
786	12376
786	786
786	28435
786	1070
786	4124
786	1310
786	927
786	17184
786	1371
786	5148
786	1066
786	1068
786	2100
786	28446
786	3382
786	1213
786	1312
786	3271
786	5580
786	20047
786	5240
786	851
786	1364
786	1550
786	854
786	3931
786	39645
786	39646
786	1375
786	3169
786	3298
786	15724
786	17265
786	39699
786	34932
786	3701
786	39670
786	3191
786	28792
786	889
787	5632
787	3079
787	4232
787	47330
787	26387
787	3605
787	10393
787	3740
787	3418
787	7456
787	5411
787	4252
787	2333
787	7472
787	5299
787	1609
787	17080
787	5177
787	3647
787	5446
787	15689
787	1612
787	4429
787	6607
787	3412
787	5461
787	14298
787	23645
787	6111
787	18146
787	4579
787	3559
787	17770
787	5355
787	1010
787	5492
787	5493
787	29174
787	46583
787	29176
787	4287
787	5630
17175	17145
133	15405
17184	889
17184	1541
807	53504
807	53505
807	53506
807	53379
807	53380
807	15749
807	1300
807	3355
807	53404
807	29341
807	1310
807	7457
807	53415
807	36398
807	53432
807	53442
807	1352
807	3019
807	9294
807	857
807	53469
807	53476
807	807
807	53503
2866	3351
817	1310
82738	5459
9011	20684
823	1310
49976	5314
825	28229
825	17286
825	28489
825	29194
825	2271
8330	3228
835	2353
835	1310
835	3351
82756	3213
82757	3213
82758	3213
82759	3213
2871	3231
17234	6111
17234	10250
17234	3468
17234	15757
17234	2958
17234	33808
17234	18197
17234	3481
17234	15774
17234	53919
17234	11297
17234	4642
17234	67237
17234	48936
17234	4110
17234	5292
17234	5552
17234	67250
17234	67253
17234	5559
17234	4666
17234	5599
17234	15805
17234	5311
17234	5312
17234	5315
17234	36598
17234	34506
17234	5579
17234	5326
17234	5329
17234	17235
17234	33806
17234	17247
17234	17248
17234	3297
17234	33766
17234	33768
17234	3945
17234	29163
17234	3950
17234	5309
17234	34408
17234	14474
17234	7838
17234	17145
17234	15612
17234	15741
17234	66558
17234	5578
851	1310
854	1548
854	1310
17239	3351
857	1310
82063	3213
17247	5315
17247	48936
17247	10250
17247	3468
17247	15757
17247	33806
17247	17235
17248	48936
17248	17235
17248	33806
49296	3108
17250	3351
17251	7838
17255	33860
2876	47233
2876	3714
2876	6095
2876	3592
2876	3465
2876	10250
2876	3468
2876	4110
2876	3471
2876	4625
2876	6035
2876	6039
2876	6040
2876	5529
2876	7838
2876	6048
2876	11297
2876	33755
2876	6096
2876	6054
2876	3120
2876	59080
2876	59059
2876	5172
2876	5301
2876	59064
2876	59060
2876	59066
2876	59068
2876	14474
2876	2878
2876	59061
2876	29376
2876	59073
2876	6664
2876	3527
2876	3912
2876	4748
2876	59084
2876	59085
2876	5327
2876	59088
2876	33750
2876	4623
2876	3678
2876	6111
2876	59069
2876	5603
2876	59072
2876	33768
2876	5309
2876	5310
2876	2934
2876	4088
2876	59071
874	12376
874	3233
17263	3297
17263	5380
17263	15813
17263	3918
17263	33778
17263	3351
17263	4696
17263	7838
17264	17145
17265	4558
17267	17145
11070	10808
889	1550
890	948
890	26383
11071	10808
47936	48161
47936	3460
47936	3431
47936	48172
47936	2986
47936	5547
47936	17292
47936	3918
47936	48154
47936	5300
47936	48182
47936	3351
47936	5313
47936	47962
47936	7707
47936	3466
47936	47966
8342	3647
905	1310
905	4217
905	4218
82071	17973
17292	3297
17292	33778
17292	7707
17292	3351
70408	68216
913	3559
914	1310
33686	7838
153	33860
925	948
927	7745
927	2063
927	2064
927	1550
927	1948
927	1949
927	1950
928	61574
928	29159
928	61680
928	1492
928	29144
928	1310
928	6111
929	6111
929	18197
929	5559
930	4110
930	6111
17317	7644
936	1310
938	3351
939	3297
939	4110
939	3351
33713	67642
33713	45101
33715	33791
33715	3678
948	4506
948	1884
954	12521
17342	33884
49312	3108
17348	3176
17350	7471
17351	3218
17351	17973
17351	3213
19276	36598
971	3412
971	15689
971	29732
971	3559
8354	3228
2893	3231
33748	19794
33749	7838
9176	10808
985	1310
33764	19794
33766	17235
33766	3468
33766	33806
33768	3592
33768	10250
33768	4748
33768	15757
33768	10256
33768	18197
33768	15774
33768	5559
33768	6111
33768	15805
33768	15817
33768	5326
33768	5327
33768	5328
33768	17235
33768	5599
33768	5603
33768	5604
33768	1517
33768	47984
33768	14474
1002	4294
1002	8129
1002	4679
1002	7673
1002	27583
33776	10250
33777	11297
33777	10249
33777	10251
33777	10252
33777	10254
33777	6040
33777	3229
33777	5502
33778	3297
33778	2986
33778	4110
33778	3351
33778	7838
74741	73603
74741	74833
74741	73612
74741	74744
74741	74834
74741	74835
74741	5205
74741	74742
74741	74745
46592	3647
33794	17145
33796	33797
33796	61679
33799	3351
33804	19794
33805	19794
33806	34822
33806	15757
33806	15759
33806	33808
33806	15768
33806	15774
33806	5558
33806	5309
33806	5311
33806	17235
33806	3289
33806	33807
33806	5596
33806	5599
33806	10256
33806	15805
33806	15612
33806	15741
33807	17235
33807	53919
33808	17235
2905	4110
1399	1955
1399	3204
1399	1414
1399	1415
1399	1608
1399	3945
1399	31435
1399	5548
1399	31469
1399	5314
1399	31432
1399	5539
1399	31448
1399	18159
1399	3231
1061	7712
1061	5442
1061	47971
1061	4110
1061	1492
1061	3351
1066	47971
1066	1492
1066	1310
1067	1310
1068	1310
1069	2249
1069	5467
1071	1310
8371	3228
1079	1310
33860	1377
33860	18433
33860	34537
33860	34955
33860	34956
33860	3950
33860	3695
33860	17714
33860	29755
33860	5532
33860	7838
8376	3228
33880	29732
33881	29732
33882	29732
33884	37926
33884	4988
33884	81884
33884	3213
33884	17973
33884	67642
33884	37340
33884	37341
9313	29732
9315	11297
9315	14474
9315	17145
9315	7838
9320	3647
8381	17145
8381	7991
83068	83067
1189	5308
1189	4988
2930	4110
1198	3213
1199	78491
1199	78388
1199	78349
33977	3218
33977	17973
1212	3213
1218	3213
2934	6035
1230	3213
1230	17973
1230	4988
1230	1375
42194	5205
4302	5963
1239	10799
1246	20684
1246	10759
2939	34932
9462	17145
9462	7838
1296	31546
1300	1310
1310	1538
1310	1546
1310	1548
1310	1552
1310	1310
1310	1317
1310	1323
1310	1325
1310	1586
1310	1334
1310	1336
1310	1360
1310	1492
1310	864
1310	5986
1310	2169
1310	4223
1312	28789
82061	82062
17715	3351
1334	15774
4321	3213
4321	1502
17747	3669
17747	4805
17747	17973
17747	15126
17747	3213
1364	2100
1364	28789
11150	10808
1367	17145
1367	3854
1372	15689
1373	7688
1373	26118
1373	10796
1373	22958
1373	1566
1375	3722
1375	5240
1375	5316
1377	6018
1377	15405
4327	4254
11154	10808
1392	14736
17778	10759
12521	1959
12521	78864
12521	78865
12521	23741
1411	11695
2966	7838
17845	3213
17845	81782
17855	7991
17855	7838
17855	4110
17855	3351
2978	4110
2979	3231
1492	3745
1492	3431
1492	3351
1492	5313
1492	6111
11172	10808
17888	10759
58867	18197
17908	3213
17911	15689
17914	4110
255	24534
2986	3351
1538	4312
1541	1550
1541	20047
1550	28792
1550	28435
1550	12376
1550	20047
1552	10184
1562	14736
11183	10808
1566	21458
1566	1901
17973	3203
17973	32524
17973	3213
17973	32526
17973	3472
17973	3218
17973	3221
17973	15126
17973	40398
17973	3099
17973	35100
17973	3233
17973	81884
17973	80560
17973	20022
17973	34940
17973	67642
17973	78783
17973	44993
17973	4805
17973	78798
17973	37321
17973	4554
17973	69324
17973	15953
17973	27349
17973	6871
17973	12376
17973	52496
17973	4196
17973	80465
17973	14313
17973	3050
17973	15468
17973	3669
17973	5459
17973	10229
17973	19578
17973	19452
17973	28309
1595	10759
1608	5314
1608	3213
1609	10208
1609	3647
1610	10208
1612	15689
1612	3559
1612	3647
1612	34425
1616	693
9814	3213
34396	17145
34408	6800
34408	14474
34408	5552
34408	17235
34408	3481
34408	17145
34414	15689
34425	5632
34425	5411
34425	15689
34425	2259
34425	29174
34425	46589
34425	3647
11199	10808
3008	4110
3011	10808
3011	3213
9879	7471
9888	5205
9888	10759
67238	67239
67239	67239
67240	66558
3015	44612
3015	5447
67244	66558
9905	17145
3019	6111
34506	15741
34506	53919
19406	36598
9942	36598
293	5314
9952	7838
21063	26675
3026	3297
3026	3351
26367	11695
26367	10759
11223	10808
10003	10808
18197	3468
18197	5295
18197	19375
18197	5301
18197	67529
18197	67530
18197	5315
18197	15817
18197	47178
18197	67531
18197	67532
18197	67533
18197	67534
18197	67535
18197	67536
18197	67537
18197	48873
18197	67538
18197	3454
18197	3198
67350	66558
67351	66558
67358	7838
26402	2143
26404	2398
1847	3647
34620	3117
34620	7991
1867	2271
1867	11695
1868	901
26446	22604
1884	20684
3046	3233
1901	29305
1901	4329
1911	5963
11242	10808
1937	5963
1959	14890
1959	20684
1959	11671
10164	10208
10168	5314
10170	3559
10180	10808
4429	10208
4429	3647
10202	10208
2012	5963
10208	3078
10208	4232
10208	4625
10208	7491
10208	4653
10208	6703
10208	7472
10208	5169
10208	7730
10208	5177
10208	47295
10208	6851
10208	6982
10208	6607
10208	5461
10208	4598
10208	18425
10208	3647
10208	3582
18405	47962
18405	4110
18405	3351
10214	10808
18408	3213
11260	10808
18411	3213
10229	3213
2048	46651
2048	46621
2049	3176
2049	4110
2051	2353
18437	14890
18437	11671
34822	53919
10247	4110
10248	3351
10250	5328
10250	5315
10250	3592
10250	4748
10250	14474
10250	3468
10250	15757
10250	5326
10250	48936
10250	29755
10250	2878
10256	19169
10256	4748
10256	5326
10256	17235
10256	5559
2076	2262
40441	3213
3078	3647
3079	5314
3079	3204
26671	26671
2096	11695
26675	21040
26675	26676
26675	21045
26675	21054
26675	21055
26675	21056
26675	21064
26675	21069
26675	21080
26675	21086
26675	21088
26675	21092
26675	21096
26675	21097
26675	21100
26675	21106
26675	21107
26675	21110
26675	21111
26675	21115
26675	21119
26675	21125
26675	21129
26675	21130
26675	21141
26675	21146
26675	21147
26675	21148
26675	21149
26675	21150
26675	21151
26675	21152
26675	21665
26675	21666
26675	21182
26675	21186
26675	21190
26675	21198
26675	21206
26675	21218
26675	21229
26675	21230
26675	21238
26675	21243
26675	21245
26675	21246
26675	21248
26675	21253
26675	21256
26675	21270
26675	21272
26675	21278
26675	21285
26675	21286
26675	21287
26675	21288
26675	20778
26675	21292
26675	21295
26675	21296
26675	21809
26675	21810
26675	21811
26675	21301
26675	21308
26675	21316
26675	21323
26675	21324
26675	21328
26675	21330
26675	20822
26675	21343
26675	21353
26675	21356
26675	21357
26675	20848
26675	21361
26675	21362
26675	21363
26675	21367
26675	23420
26675	21374
26675	21377
26675	21381
26675	21384
26675	21388
26675	21390
26675	21394
26675	21401
26675	21403
26675	21405
26675	21406
26675	21420
26675	21424
26675	21426
26675	21429
26675	21431
26675	21432
26675	21433
26675	21442
26675	21443
26675	20946
26675	22516
2100	5316
2102	3950
67641	17145
2106	11695
2106	20676
2106	10759
26683	21153
26684	21153
26685	21153
26686	21153
26687	21153
26688	21153
26692	21153
34891	3213
34899	3213
34899	80942
34899	14640
34899	14873
2132	3647
34903	7838
2137	3213
10351	20684
10351	3213
10351	11695
2160	11695
2161	10808
34932	3191
34940	4988
34940	28342
34940	3213
10365	3351
26758	21158
34955	4642
34955	3950
10389	58384
10394	5632
10394	3647
11291	10808
10410	3297
80926	80645
2259	15689
2259	3647
2261	7471
2262	10759
2262	20716
2262	4503
2262	4507
2262	5277
2262	11679
2262	15016
2262	11695
2262	5688
2262	20669
2262	20670
2262	20671
2262	20672
2262	20673
2262	20674
2262	20675
2262	2378
2262	20689
2262	2262
2271	14891
2271	28229
2271	8268
2271	3213
2271	40284
2271	29311
43234	7838
80940	80941
35100	5459
35100	4988
49724	49287
35114	20047
2353	36642
2353	11691
2353	36591
2353	36644
2353	36643
35159	10761
35207	17145
35222	7712
35222	4110
35248	35252
35248	3213
901	10855
4512	3213
420	3213
40021	36598
10752	36549
10759	23041
10759	14468
10759	13320
10759	21507
10759	11668
10759	4787
10759	11673
10759	4250
10759	11679
10759	11680
10759	20676
10759	36653
10759	14515
10759	14518
10759	20684
10759	14555
10761	29655
10761	14609
10764	11695
10798	3647
10800	8697
10808	6192
10808	6623
10808	10809
10808	10810
10808	10811
10808	10812
10808	10813
10808	10814
10808	10815
10808	10816
10808	10817
10808	10818
10808	10819
10808	10820
10808	10821
10808	10822
10808	10823
10808	10824
10808	10825
10808	10826
10808	10827
10808	10828
10808	10829
10808	10830
10808	10831
10808	10832
10808	10833
10808	10834
10808	10835
10808	10836
10808	10837
10808	10838
10808	10839
10808	10840
10808	10841
10808	10842
10808	10843
10808	10844
10808	10845
10808	10846
10808	10847
10808	10848
10808	10849
10808	10850
10808	10851
10808	10852
10808	10853
10808	10854
10808	10855
10808	10856
10808	10857
10808	10858
10808	10859
10808	10860
10808	10861
10808	10862
10808	10863
10808	10864
10808	10865
10808	10866
10808	10867
10808	10868
10808	10869
10808	10870
10808	10871
10808	10872
10808	10873
10808	10874
10808	10875
10808	10876
10808	10877
10808	10878
10808	10879
10808	10880
10808	10881
10808	10882
10808	10883
10808	10884
10808	10885
10808	10886
10808	10887
10808	10888
10808	10889
10808	10890
10808	10891
10808	10892
10808	10893
10808	10894
10808	10895
10808	10896
10808	10897
10808	10898
10808	10899
10808	10900
10808	10901
10808	10902
10808	10903
10808	10904
10808	10905
10808	10906
10808	10907
10808	10908
10808	10909
10808	10910
10808	10911
10808	10912
10808	10913
10808	10914
10808	10915
10808	10916
10808	10917
10808	10918
10808	10919
10808	10920
10808	10921
10808	10922
10808	10923
10808	10924
10808	10925
10808	10926
10808	10927
10808	10928
10808	10929
10808	10930
10808	10931
10808	10932
10808	10933
10808	10934
10808	10935
10808	10936
10808	10937
10808	10938
10808	10939
10808	10940
10808	10941
10808	10942
10808	10943
10808	10944
10808	10945
10808	10946
10808	10947
10808	10948
10808	10949
10808	10950
10808	10951
10808	10952
10808	10953
10808	10954
10808	10955
10808	10956
10808	10957
10808	10958
10808	10959
10808	10960
10808	10961
10808	10962
10808	10963
10808	10964
10808	10966
10808	10967
10808	10968
10808	10969
10808	10970
10808	10971
10808	10972
10808	10973
10808	10974
10808	10975
10808	10976
10808	10978
10808	10979
10808	10980
10808	10981
10808	10982
10808	10983
10808	10984
10808	10985
10808	10986
10808	10987
10808	10988
10808	10989
10808	10990
10808	10991
10808	10992
10808	10993
10808	10994
10808	10995
10808	10996
10808	10997
10808	10998
10808	10999
10808	11000
10808	11001
10808	11002
10808	11003
10808	11004
10808	11005
10808	11006
10808	11007
10808	11008
10808	11009
10808	11010
10808	11011
10808	11012
10808	11013
10808	11014
10808	11015
10808	11016
10808	11017
10808	11018
10808	11019
10808	11020
10808	11021
10808	11022
10808	11023
10808	11024
10808	11025
10808	11026
10808	11027
10808	11028
10808	11029
10808	11030
10808	11031
10808	11032
10808	11033
10808	11034
10808	11035
10808	11036
10808	11037
10808	11038
10808	11039
10808	11040
10808	11041
10808	11042
10808	11043
10808	11044
10808	11045
10808	11046
10808	11047
10808	11048
10808	11049
10808	11050
10808	11051
10808	11052
10808	11053
10808	11054
10808	11055
10808	11056
10808	11057
10808	11058
10808	11059
10808	11060
10808	11061
10808	11062
10808	11063
10808	11064
10808	11065
10808	11066
10808	11067
10808	11068
10808	11069
10808	11072
10808	11073
10808	11074
10808	11075
10808	11076
10808	11077
10808	11078
10808	11079
10808	11080
10808	11081
10808	11082
10808	11083
10808	11084
10808	11085
10808	11086
10808	11087
10808	11088
10808	11089
10808	11090
10808	11091
10808	11092
10808	11093
10808	11094
10808	11095
10808	11096
10808	11097
10808	11098
10808	11099
10808	11100
10808	11101
10808	11102
10808	11103
10808	11104
10808	11105
10808	11106
10808	11107
10808	11108
10808	11109
10808	11110
10808	11111
10808	11112
10808	11113
10808	11114
10808	11115
10808	11116
10808	11117
10808	11118
10808	11119
10808	11120
10808	11121
10808	11122
10808	11123
10808	11124
10808	11125
10808	11126
10808	11127
10808	11128
10808	11129
10808	11130
10808	11131
10808	11132
10808	11133
10808	11134
10808	11135
10808	11136
10808	11137
10808	11138
10808	11139
10808	11140
10808	11141
10808	11142
10808	11143
10808	11144
10808	11145
10808	11146
10808	11147
10808	11148
10808	11149
10808	11151
10808	11152
10808	11153
10808	11155
10808	11156
10808	11157
10808	11158
10808	11159
10808	11160
10808	11161
10808	11162
10808	11163
10808	11164
10808	11165
10808	11166
10808	11167
10808	11168
10808	11169
10808	11170
10808	11171
10808	11173
10808	11174
10808	11175
10808	11176
10808	11177
10808	11178
10808	11179
10808	11180
10808	11181
10808	11182
10808	11184
10808	11185
10808	11186
10808	11187
10808	11188
10808	11189
10808	11190
10808	11191
10808	11192
10808	11193
10808	11194
10808	11195
10808	11196
10808	11197
10808	11198
10808	11200
10808	11201
10808	11202
10808	11203
10808	11204
10808	11205
10808	11206
10808	11207
10808	11208
10808	11209
10808	11210
10808	11211
10808	11212
10808	11213
10808	11214
10808	11215
10808	11216
10808	11217
10808	11218
10808	11219
10808	11220
10808	11221
10808	11222
10808	11224
10808	11225
10808	11226
10808	11227
10808	11228
10808	11229
10808	11230
10808	11231
10808	11232
10808	11233
10808	11234
10808	11235
10808	11236
10808	11237
10808	11238
10808	11239
10808	11240
10808	11241
10808	11243
10808	11244
10808	11245
10808	11246
10808	11247
10808	11248
10808	11249
10808	11250
10808	11251
10808	11252
10808	11253
10808	11254
10808	11255
10808	11256
10808	11257
10808	11258
10808	11259
10808	11261
10808	11262
10808	11263
10808	11264
10808	11265
10808	11266
10808	11267
10808	11268
10808	11269
10808	11270
10808	11271
10808	11272
10808	11273
10808	11274
10808	11275
10808	11276
10808	11277
10808	11278
10808	11279
10808	11280
10808	11281
10808	11282
10808	11283
10808	11284
10808	11285
10808	11286
10808	11287
10808	11288
10808	11289
10808	11290
10808	7024
10808	5364
10808	5368
10808	3527
10808	6737
10808	5626
10808	5749
10808	68216
10808	3050
10808	10186
27349	5476
19169	5599
2878	3468
2879	17145
2879	7838
2958	7838
2962	17145
2962	4110
27556	19794
19375	6111
3050	5459
19452	4988
19452	3213
3099	3218
3099	5476
3099	3213
11297	5604
11297	4696
11297	5292
11297	3309
11297	3950
11297	5328
11297	17235
11297	15768
11297	6111
3108	49287
3108	17744
3108	4312
3117	77474
3117	18339
3117	12519
3117	11721
3117	77479
3117	3213
3117	11732
3117	20054
3117	15930
3163	15689
68702	68216
68704	68216
3169	3176
3169	5319
68707	68216
68709	68216
68711	68216
3176	37603
3176	37610
3176	3854
3176	37620
3176	6075
68713	68216
68720	68216
11378	6040
11378	11426
68724	68216
68726	68216
3191	5316
3191	17145
35960	36598
19578	5459
68731	68216
68733	68216
3203	3218
3203	3213
3204	7712
3204	4110
19593	7991
3213	82519
3213	45077
3213	14873
3213	5148
3213	80413
3213	21534
3213	80645
3213	7712
3213	80423
3213	80425
3213	15916
3213	20022
3213	15953
3213	15445
3213	80471
3213	12376
3213	80485
3213	80572
3213	3213
3213	5265
3213	19097
3213	3695
3213	80543
3213	3233
3213	80549
3213	77997
3213	80560
3213	80545
3213	80570
3213	80468
3213	80579
3213	4805
3213	47304
3213	31435
3213	29388
3213	80593
3213	80429
3213	52496
3213	15126
3213	7463
3213	4572
3213	7473
3213	5446
3213	3412
3213	3214
3213	19802
3213	15724
3213	3218
3213	5487
3213	7827
3213	885
3213	4985
3213	80447
3213	4988
3213	6018
3213	80569
3213	8092
3213	29094
3213	5551
3213	80315
3213	4549
3213	10186
3213	80375
3213	80332
3213	80335
3213	80337
3213	80344
3213	37340
3213	37341
3213	4574
3213	4063
3213	40416
3213	80465
3213	3562
3213	80364
3213	5459
3213	3575
3213	40442
3213	3669
3218	48026
3218	69324
3218	40398
3218	850
3218	38874
3218	67642
3219	17145
3228	8336
3228	3228
3228	11426
3228	6627
3228	2024
3230	4110
3231	5578
3231	7712
3231	4642
3231	17123
3231	4110
3231	3950
3231	5291
3231	5549
3231	7838
3231	3990
3231	3481
3231	4666
3231	5501
3231	17119
3233	5457
11426	6627
3280	19794
3285	14474
3287	19794
3289	7838
3293	3351
49701	49287
3296	17145
3297	5547
3297	5510
3297	5580
3297	5291
3297	3918
3297	40406
3297	3351
3297	33752
3297	61679
3298	4558
49702	49287
3307	4558
3309	14474
3309	7838
49706	49287
52496	5459
52496	5476
52496	15126
49710	49287
3351	3457
3351	5507
3351	3460
3351	3670
3351	5510
3351	3372
3351	3466
3351	47997
3351	4110
3351	7698
3351	48148
3351	29205
3351	3990
3351	3351
3351	48004
3351	7707
3351	3868
3351	7838
3351	44669
3351	48162
3351	3756
3351	5284
3351	7708
3351	5163
3351	47965
3351	5300
3351	3894
3351	48185
3351	5547
3351	47934
3351	5313
3351	47938
3351	47939
3351	5381
3351	5611
3351	5321
3351	47947
3351	3918
3351	3408
3351	47953
3351	17238
3351	47961
3351	47962
3351	47966
3351	47968
3351	47971
3351	47974
3351	3431
3351	3433
3351	49002
3351	20587
3351	5442
3351	5485
3351	47958
3351	47956
49714	49287
49715	49287
49716	49287
49717	49287
49718	49287
19786	19794
3403	4110
19792	19794
19794	29480
19794	45705
19794	20430
19794	3656
19794	3923
19794	19796
19794	19798
19794	19800
49723	49287
3431	5442
3431	47971
3431	7707
49725	49287
11642	11667
49287	49290
49287	49651
3454	6111
11653	11667
3468	5603
3468	3592
3468	48936
3468	36598
3468	6111
11667	11751
11667	11721
11667	11850
11667	11705
11667	11685
11671	24034
11671	24010
11671	36653
11671	15405
11671	4503
11671	11673
11671	4250
3481	7712
3481	4642
3481	5547
3481	15813
3481	5291
3481	3950
3481	17235
3481	4110
3481	17145
11675	78429
11678	15405
11680	11695
19878	4642
11695	20679
11695	15280
11695	11673
11695	4508
3545	15689
4696	7838
4696	4110
4696	17145
3605	15689
3606	15689
3622	4110
3647	46594
3647	4232
3647	8141
3647	46621
3647	4269
3647	7472
3647	5177
3647	46650
3647	46651
3647	46657
3647	46664
3647	15689
3647	6607
3647	46564
3647	3559
3647	46574
3647	46575
3647	46583
3647	46585
28229	5467
20047	40322
20047	5414
20047	12376
3669	7473
3669	5459
20054	7991
36464	36478
3697	17145
3697	15637
36469	36580
28279	17145
3704	17145
3704	7991
3704	15637
36478	36587
36478	36554
36478	36555
36478	36557
36478	36558
36478	36564
36478	36597
36478	36596
36478	36540
69248	73658
28311	17145
28311	7991
3737	7838
3745	5442
3745	47971
3745	47982
3750	4110
34761	15689
36549	36612
36549	29868
36549	29869
36549	36601
36549	2105
36549	14555
28381	15689
34768	7471
36595	36612
36598	13358
36598	29679
36598	14515
36598	32084
36598	29983
3845	7838
3850	17145
3850	7838
3854	37632
3854	63972
3854	29018
4220	7991
28435	4250
3862	17145
3862	7838
3863	7838
3868	7707
3868	3918
3871	17145
3877	15689
36653	14890
3894	47962
3894	4110
4746	15689
3918	5547
3918	4110
3918	48153
3918	7707
3918	7838
3950	4642
3950	5291
3950	15813
3950	4116
3950	5547
2027	17145
3990	7838
28588	17145
28588	7838
53919	29163
53919	5311
53919	15741
53919	5309
53919	17235
53919	15805
53919	15774
53919	15775
4070	67642
3412	5459
4110	5291
4110	5548
4110	3479
4110	5549
4110	5529
4110	5287
4110	48936
4110	5163
4110	5296
4110	7838
4110	5304
4110	5547
4110	5313
4110	4163
4110	15813
4110	5319
4110	15817
4110	5282
4110	5328
4110	5603
70515	68216
45101	45114
4163	17145
4163	7838
12376	39706
12376	37340
20587	32087
28792	40403
4224	4254
4241	4254
4250	20676
4250	14890
4250	23661
4251	5963
4252	15689
4254	4308
4258	4260
4259	4282
4269	15689
20676	20713
20676	20714
20676	20686
20676	5277
20676	4503
20676	5688
20676	5273
20676	4507
20677	20684
20684	23042
20684	23050
20684	15283
20684	5688
20684	14559
20689	20700
12513	17145
70383	68216
4328	4329
20716	7471
61680	29003
61681	6111
82643	81782
20724	5459
69886	68216
4355	5963
20771	20827
20813	20827
29018	17145
67642	17145
70374	68216
70378	68216
70379	68216
70381	68216
70382	68216
4503	14890
34884	7471
70384	68216
70386	68216
70388	68216
37321	5459
4554	4988
17145	6017
17145	5292
17145	5293
17145	5024
17145	8177
17145	3885
17145	4666
17145	5309
17145	5472
17145	5191
17145	5328
17145	17235
17145	5548
17145	4703
17145	5604
17145	15461
17145	5478
17145	4969
17145	7666
37340	37341
37340	4805
37341	5459
37341	15916
70395	68216
29163	15741
4642	5291
4642	15813
4642	48944
4642	17235
4642	4666
4642	5547
4642	7838
70193	68216
4666	5547
4666	15813
4666	5291
4666	17235
4679	29732
4679	7991
78429	14575
4703	29732
4748	5604
4748	15757
4748	5326
4748	5327
4748	17235
4748	5559
4748	5496
4748	15805
78488	56534
21145	21455
21149	21153
21150	21153
21153	21251
21153	21256
21153	21386
21153	21266
21153	21268
21153	21399
21153	21279
21153	21284
21153	21160
21153	21421
21153	21304
21153	21177
21153	21180
21153	21314
21153	21315
21153	21319
21153	21201
21153	21332
21153	21433
21153	21340
21153	21350
21153	21222
21153	21329
21153	21225
21153	23274
21153	21357
21153	21231
21153	21232
21153	21361
21153	21234
21153	21238
21153	21247
21168	21455
21169	21455
21170	21455
70375	68216
70376	68216
70391	68216
70394	68216
70401	68216
70406	68216
70407	68216
70409	68216
70410	68216
70411	68216
70416	68216
47242	46585
17209	7838
70491	68216
47248	46585
3559	5493
3559	7472
3559	5461
3559	46583
70516	68216
4988	5551
5024	7991
21453	21455
21454	21455
21455	21439
29654	29732
17235	14474
17235	15774
17235	48936
17235	15805
17235	5596
17235	5599
17235	15612
17235	15741
29732	14508
29732	15405
29732	13358
5163	7838
5172	15689
29755	15637
29755	7838
5199	5963
5205	58384
5205	63153
5287	7991
5287	15637
5290	7712
5291	7712
5291	5578
5291	7838
5292	14474
5292	7838
5295	15774
5295	6111
5299	6111
5300	7707
5301	6111
5304	6111
5309	15774
885	5314
5315	48936
5315	5326
5315	6111
5326	15757
5326	48936
5326	5559
5326	15805
5328	14474
5328	7838
5344	7838
5380	7838
5380	15774
5381	7838
5410	15689
5411	15689
5422	5423
5442	47971
5442	48196
5442	48195
5442	48150
5459	6871
5459	15724
5459	15953
5459	15126
5493	15689
5496	6111
5496	5599
5529	7838
5532	7838
5547	7712
5547	5578
5547	7707
5547	7838
5548	7838
5550	15689
5551	6018
5559	15612
5578	15813
5579	15612
5580	15774
5580	7838
5596	15741
5599	15757
5604	14474
5604	7838
8370	24534
46574	46851
46574	47019
46574	46575
46574	46578
46574	46649
46579	46585
46585	47238
46585	47239
46585	47240
46585	47241
46585	47243
46585	47244
46585	47245
46585	47246
46585	47247
46585	46895
46585	46896
46585	46897
46585	46898
46585	46899
46585	46901
46585	46902
46585	46903
46585	47034
46585	46907
46585	46908
46585	46909
46585	46910
46585	46911
46585	46912
46585	46913
46585	46914
46585	46917
46585	46918
46585	46920
46585	46922
46585	46923
5632	15689
22022	7471
46696	15689
46697	15689
3701	7838
3703	15689
46880	15478
5944	5963
5945	5963
5946	5963
5955	5963
5956	5963
5959	5963
5964	5963
33752	7838
6040	63837
68705	68216
6111	14474
6111	15791
6111	15817
47087	15478
66558	49009
66558	15805
47133	15478
47134	15478
14474	7991
14498	15689
14575	11673
5941	5963
5942	5963
5943	5963
11673	14890
5947	5963
80314	15126
80315	82067
5948	5963
6607	7472
80337	15916
63968	64037
63968	64039
63968	64040
63968	64041
63968	64049
63968	64051
63968	64053
63968	64054
63968	64055
63968	64056
63968	64057
63968	64062
63968	64063
63968	64064
63968	64069
63968	64070
63968	64071
63968	64072
63968	64076
63968	64077
63968	64078
63968	64079
63968	64080
63968	64081
63968	64082
63968	63968
63968	64099
5949	5963
80375	80939
5950	5963
5951	5963
64036	64037
64037	64037
64037	64039
64037	64040
64037	64042
64037	64043
64037	64044
64037	64046
64037	64047
64037	64048
64037	64049
64037	64050
64037	64051
64037	64052
64037	64053
64037	64054
64037	64055
64037	64056
64037	64057
64037	64058
64037	64059
64037	64060
64037	64061
64037	64063
64037	64064
64037	64065
64037	64066
64037	64067
64037	64068
64037	64069
64037	64070
64037	64071
64037	64072
64037	64073
64037	64074
64037	64075
64037	64076
64037	64077
64037	64078
64037	64079
64037	64080
64037	64081
64037	64083
64037	64084
6694	7471
64040	64039
64040	64041
64040	64042
64040	64043
64040	64044
64040	64045
64040	64046
64040	64047
64040	64048
64040	64049
64040	64050
64040	64051
64040	64052
64040	64053
64040	64054
64040	64055
64040	64056
64040	64057
64040	64058
64040	64059
64040	64060
64040	64061
64040	64062
64040	64063
64040	64064
64040	64065
64040	64066
64040	64067
64040	64068
64040	64069
64040	64070
64040	64071
64040	64072
64040	64073
64040	64074
64040	64075
64040	64076
64040	64077
64040	64078
64040	64079
64040	64080
64040	64081
64040	64082
64040	64083
64040	64084
64040	64085
64040	64086
64040	64087
64040	64088
14890	24010
64044	64055
64044	64039
64046	64039
64048	64055
64048	64039
64049	64055
64049	64039
64050	64055
64050	64039
64051	64055
64051	64039
64052	64055
64052	64039
64053	64055
64053	64039
64054	64055
64054	64039
64055	64096
64055	64039
64055	64042
64055	64047
64055	64056
64055	64057
64055	64059
64055	64060
64055	64061
64055	64063
64055	64064
64055	64065
64055	64066
64055	64067
64055	64068
64055	64069
64055	64070
64055	64071
64055	64072
64055	64073
64055	64075
64055	64076
64055	64078
64055	64079
64055	64080
64055	64081
64055	64094
64055	64095
64056	64039
64057	64039
64058	64039
64059	64039
64060	64039
64061	64039
64062	64039
5952	5963
64065	64039
64066	64039
64067	64039
64068	64039
64069	64039
64070	64039
64071	64039
64072	64039
64073	64039
64074	64039
64075	64039
64076	64039
64077	64039
64078	64039
64079	64039
64080	64039
64082	64039
64085	64039
64086	64039
64088	64039
5953	5963
64097	64039
64098	64039
64099	64039
64100	64039
5954	5963
80538	80645
5957	5963
80335	80335
5958	5963
80645	80645
31539	31540
31540	31552
31540	31547
31547	31548
31547	31549
47956	47962
47957	7838
47962	48148
47962	7707
47966	48152
47966	7707
47966	48148
47968	47971
47971	47982
47971	48150
48018	7707
48153	48172
48158	7707
48172	7707
48184	7707
48185	7707
15445	81782
15461	7991
5311	15805
5311	15741
5311	5311
64039	64039
64039	64041
64039	64042
64039	64043
64039	64045
64039	64047
64039	64063
64039	64064
64039	64081
64039	64087
15612	15757
7471	7991
15689	7505
15689	29174
15741	15774
15757	48936
15759	7838
15768	7838
15813	7712
15813	7838
7673	7991
7698	7838
7699	7838
15930	7991
7838	48944
7838	33815
68730	68216
68216	68247
7991	8177
