3	36548
3	36645
3	471
3	10759
3	10761
3	106
3	231
3	29869
3	5358
3	36595
3	118
3	439
3	2105
3	36475
3	1567
4	256
4	51
4	4
4	390
4	9
4	20749
4	8336
4	59543
4	59544
4	59545
4	59546
4	3228
4	1181
4	8352
4	59555
4	292
4	293
4	5033
4	171
4	301
4	178
4	307
4	4533
4	566
4	381
4	5562
4	59579
4	695
4	196
4	15941
4	201
4	119
4	76
4	205
4	10578
4	84
4	2137
4	2659
4	10343
4	2024
4	233
4	231
4	111
4	112
4	41457
4	10226
4	118
4	1527
4	121
4	33021
7	118
9	3228
9	118
10	118
40975	5005
82108	82086
81945	17973
23215	8652
40988	5005
29	34912
29	34913
29	34788
29	1061
29	1384
29	1612
29	10802
29	148
29	15637
29	151
29	11653
29	15452
29	6106
29	127
30	645
30	10759
30	10760
30	723
30	118
30	505
30	4250
30	604
23208	8652
40997	28403
82109	82086
51	30432
51	106
51	151
51	236
51	13358
51	118
51	471
81018	80507
34145	3213
45557	854
76	3228
76	118
77	10269
78	118
81999	3669
82002	82003
84	3228
8459	9023
89	118
92	118
93	11739
67653	35470
4112	641
4112	11378
4112	4091
4112	786
100	118
102	10759
103	231
104	14576
104	354
104	19495
104	14575
45558	854
106	196
106	118
1383	611
20498	30432
23190	8652
111	118
112	231
112	9045
112	118
112	216
112	3228
116	231
116	118
116	10759
8309	28345
8309	28778
8309	28662
118	10752
118	10753
118	10754
118	10755
118	10756
118	10757
118	10758
118	10759
118	10760
118	10761
118	10763
118	33292
118	10765
118	10766
118	527
118	540
118	547
118	2106
118	1608
118	33293
118	33294
118	604
118	2659
118	10343
118	10349
118	117
118	119
118	121
118	10366
118	8326
118	8327
118	8334
118	10389
118	4250
118	3228
118	8352
118	170
118	171
118	172
118	178
118	179
118	181
118	182
118	183
118	184
118	186
118	188
118	189
118	190
118	191
118	193
118	10443
118	196
118	197
118	198
118	200
118	201
118	203
118	204
118	207
118	208
118	210
118	723
118	5753
118	231
118	233
118	5358
118	251
118	256
118	23304
118	1289
118	276
118	78115
118	306
118	1352
118	1895
118	389
118	8601
118	1959
118	5033
118	452
118	1493
118	29660
118	478
118	5611
118	10226
118	505
118	510
119	231
123	787
123	425
123	611
124	30432
124	611
124	439
124	5477
124	151
125	532
125	527
126	11638
8319	10389
8319	5205
128	425
128	498
129	8325
129	4554
129	3213
129	1230
129	143
129	1233
129	5290
130	30432
130	416
130	439
130	14508
130	151
130	14873
131	489
131	10269
131	231
8324	3228
8325	134
8325	641
8325	1230
8325	143
8325	786
8325	151
8325	3228
8326	3228
8327	63284
49288	3108
8330	3228
140	34767
8334	3228
143	6146
143	2827
143	3854
143	14479
143	787
143	151
143	452
143	2842
143	1955
143	8612
143	1063
143	425
143	5290
143	437
143	4278
143	7991
143	1593
143	444
143	446
143	7745
143	17348
143	10313
143	40395
143	6092
143	1230
143	419
143	1236
143	33241
143	2939
143	3173
143	63974
143	3176
143	3180
143	498
143	7742
143	8148
143	3323
143	764
144	425
144	117
144	439
146	15458
146	5380
146	439
146	3303
146	457
146	14027
146	5580
146	3213
146	15766
146	151
49299	3108
148	18146
148	1063
148	425
148	498
148	787
148	1593
82070	78909
151	11906
151	10245
151	34946
151	8129
151	33673
151	14474
151	33879
151	142
151	14480
151	5905
151	787
151	10260
151	14873
151	19097
151	30106
151	27547
151	8348
151	33693
151	33694
151	33695
151	18976
151	21025
151	27427
151	8612
151	1063
151	425
151	3850
151	33241
151	8594
151	5533
151	7838
151	8630
151	1593
151	8634
151	29755
151	29834
151	318
151	5024
151	4163
151	33739
151	14027
151	5580
151	1230
151	34767
151	33678
151	9814
151	33682
151	153
151	6106
151	10715
151	3292
151	4573
151	30432
151	656
151	33723
151	2023
151	4072
151	1002
151	5287
151	3309
151	971
151	3695
151	29168
151	3697
151	3191
151	3704
151	17788
151	759
151	127
152	3117
152	35470
153	30432
153	5287
155	11773
8349	3228
8349	9045
8351	3228
8351	9045
8352	3228
9007	8965
9007	8396
9007	8566
9007	542
9007	8391
8354	3228
8355	3292
8355	3351
82085	3218
8358	3228
82087	82086
82088	82086
8361	3228
171	51810
172	3228
1394	35960
1394	36598
1394	10759
82094	82086
82095	82086
8368	3351
6856	3213
178	10269
82100	82086
181	3228
8375	15458
8375	3292
8375	3303
8377	10269
8378	542
8378	8965
8378	8969
8378	8764
8378	8785
8378	1128
8378	1135
8378	1149
8378	1150
8378	3228
8378	8876
8378	8376
8378	8378
8378	8388
8378	8399
8378	8407
8378	8414
8378	8419
8378	8427
8378	5359
8378	8440
8378	8441
8378	8442
8378	8444
8378	8453
8378	8966
8378	8457
8378	8464
8378	8468
8378	8470
8378	8471
8378	8480
8378	8481
8378	8488
8378	8494
8378	8495
8378	9009
8378	8499
8378	8505
8378	8506
8378	8511
8378	8521
8378	8522
8378	8526
8378	8528
8378	8531
8378	8534
8378	8540
8378	8541
8378	8546
8378	9059
8378	8548
8378	8557
8378	8570
8378	9023
8378	8573
8378	8576
8378	8648
8378	8649
8378	8650
8378	8651
8378	8652
8378	8653
8378	8654
8378	8655
8378	8656
8378	8657
8378	8658
8378	8659
8378	8660
8378	8661
8378	8662
8378	8663
8378	8664
8378	8665
8378	8666
8378	8667
8378	8668
8378	8669
8378	8670
8378	8671
8378	8672
8378	8673
8378	8674
8378	8675
8378	8676
8378	8677
8378	8678
8378	8679
8378	8680
8378	8681
8378	8682
8378	8683
8378	8684
8378	8685
8378	8686
8379	3228
188	786
188	3228
188	10269
82112	82086
194	231
8387	3228
196	10269
196	231
8391	8780
8391	8965
8391	8931
8391	8718
8391	9005
8391	8976
8391	8977
8391	8722
8391	8979
8391	8980
8391	8981
8391	8470
8391	8687
8391	8984
8391	8474
8391	8431
8391	3228
8391	8986
8391	542
8391	8781
8391	8480
8391	8731
8391	8746
8391	8647
8391	8749
8391	9006
8391	8879
8391	8787
8391	8776
8391	8754
8391	8777
8391	8376
8391	8505
8391	9059
8391	8380
8391	8644
8391	8645
8391	8646
8391	8391
8391	8392
8391	8393
8391	8778
8391	8779
8391	8396
8391	8397
8391	8526
8391	8527
8391	8784
8391	8785
8391	8786
8391	8403
8391	8782
8391	8761
8391	216
8391	8783
8391	8540
8391	8541
8391	8414
8391	8672
8391	8419
8391	8677
8391	8775
8391	8427
8391	8978
8391	1135
8391	8435
8391	8496
8391	8566
8391	8441
8391	8699
8391	1149
8391	8789
201	3228
82122	82086
205	231
82126	82086
208	63284
208	78399
82129	82086
8403	9059
8403	8645
8403	5359
8403	8496
8403	216
8403	3228
8403	542
8403	9023
82132	82086
82133	82086
82134	82086
8407	8528
8407	9059
8407	8965
8407	8966
8407	9009
8407	8648
8407	8969
8407	8876
8407	8496
8407	8785
8407	542
8407	8376
8407	8764
8407	8414
8407	9023
216	544
216	8965
216	2024
216	3213
216	8754
216	63284
216	9045
216	8601
216	3228
82137	82086
82138	82086
82139	82086
82140	82086
82141	82086
8414	8722
8414	542
8414	8965
8414	8749
8414	8754
8414	8764
8414	8775
8414	8776
8414	8778
8414	8779
8414	8781
8414	8782
8414	8785
8414	8786
8414	8791
8414	8792
8414	1135
8414	1149
8414	1150
8414	3228
8414	8876
8414	8376
8414	8380
8414	8388
8414	8392
8414	8396
8414	8397
8414	8419
8414	8431
8414	8435
8414	8440
8414	8441
8414	8442
8414	8444
8414	8453
8414	8966
8414	8969
8414	8464
8414	8468
8414	8470
8414	8471
8414	8481
8414	8488
8414	8495
8414	8496
8414	9009
8414	8499
8414	8505
8414	8506
8414	8511
8414	8521
8414	8522
8414	8526
8414	8527
8414	8528
8414	8541
8414	9059
8414	8554
8414	8566
8414	8570
8414	9023
8414	8573
8414	8576
8414	5359
8414	8644
8414	8645
8414	8646
8414	8648
8414	8649
8414	8650
8414	8652
8414	8653
8414	8656
8414	8657
8414	8658
8414	8659
8414	8660
8414	8661
8414	8663
8414	8664
8414	8665
8414	8666
8414	8667
8414	8668
8414	8669
8414	8670
8414	8671
8414	8672
8414	8673
8414	8674
8414	8675
8414	8676
8414	8677
8414	8678
8414	8679
8414	8681
8414	8683
8414	8684
8414	8685
8414	8686
8414	8687
82143	82086
82144	82086
82145	82086
82146	82086
8419	8780
8419	8648
8419	8982
8419	8966
8419	8969
8419	8983
8419	8931
8419	8718
8419	8976
8419	8977
8419	8722
8419	8979
8419	8980
8419	8981
8419	8470
8419	8687
8419	8984
8419	8985
8419	8474
8419	8431
8419	3228
8419	8986
8419	542
8419	8781
8419	8480
8419	8731
8419	9009
8419	8746
8419	8647
8419	8876
8419	8749
8419	8496
8419	8776
8419	8754
8419	8965
8419	8777
8419	8376
8419	8505
8419	9059
8419	8380
8419	9023
8419	9026
8419	8957
8419	8644
8419	8645
8419	8646
8419	8392
8419	8393
8419	8778
8419	8779
8419	8396
8419	8397
8419	8526
8419	8527
8419	8784
8419	8785
8419	8786
8419	8787
8419	8782
8419	8761
8419	8783
8419	8540
8419	8541
8419	8672
8419	8528
8419	8419
8419	8677
8419	8764
8419	8775
8419	8427
8419	8978
8419	1135
8419	8435
8419	8566
8419	8441
8419	1149
8419	8789
82148	82086
82149	82086
82150	82086
231	646
231	10759
231	10389
231	8601
231	288
231	556
231	36550
231	36551
231	11739
231	29922
231	36590
231	248
231	33021
231	255
82152	82086
233	10759
82154	82086
8427	8965
8427	8969
8427	8470
8427	3228
8427	542
8427	8876
8427	8496
8427	9009
8427	8376
8427	8764
8427	9023
8427	8648
8427	8396
8427	8652
8427	8526
8427	8528
8427	8785
8427	8786
8427	9059
8427	8541
8427	8687
8427	8566
82157	82086
238	30432
8431	26689
8431	8566
8431	26411
8431	8396
8431	8526
8431	8687
8431	8496
8431	8785
8431	8786
8431	9059
8431	8470
8431	8376
8431	20666
8431	9023
8431	3228
8431	8541
8431	542
8431	8965
82160	82086
82161	82086
82162	82086
8435	8566
8435	8396
8435	8526
8435	8687
8435	8496
8435	8785
8435	8786
8435	9059
8435	542
8435	8470
8435	8376
8435	9023
8435	3228
8435	8541
8435	8965
82164	82086
82165	82086
246	11739
82167	82086
248	383
8441	8965
8441	8966
8441	8969
8441	8470
8441	3228
8441	542
8441	8876
8441	8496
8441	9009
8441	8376
8441	8764
8441	9023
8441	8648
8441	8396
8441	8652
8441	8526
8441	8528
8441	8785
8441	8786
8441	9059
8441	8541
8441	8687
8441	8566
8442	8528
8442	9059
8442	8965
8442	8966
8442	9009
8442	8648
8442	8876
8442	8652
8442	8496
8442	8785
8442	542
8442	8969
8442	8376
8442	8764
8442	9023
8444	542
8444	8764
8444	8785
8444	8793
8444	8794
8444	8795
8444	8796
8444	8797
8444	8798
8444	8799
8444	8800
8444	8801
8444	8802
8444	8803
8444	8804
8444	8805
8444	8806
8444	8807
8444	8808
8444	8809
8444	8810
8444	8811
8444	8812
8444	8813
8444	8814
8444	8815
8444	8816
8444	8817
8444	8818
8444	8819
8444	8820
8444	8821
8444	8822
8444	8823
8444	8824
8444	8825
8444	8826
8444	8827
8444	8828
8444	8829
8444	8830
8444	8831
8444	8832
8444	8833
8444	8834
8444	8835
8444	8836
8444	8837
8444	8838
8444	8839
8444	8840
8444	8841
8444	8842
8444	8843
8444	8844
8444	8845
8444	8846
8444	8847
8444	8848
8444	8849
8444	8850
8444	8851
8444	8852
8444	8853
8444	8854
8444	8855
8444	8856
8444	8857
8444	8858
8444	8859
8444	8860
8444	8861
8444	8862
8444	8863
8444	8864
8444	8865
8444	8866
8444	8867
8444	8868
8444	8869
8444	8870
8444	8871
8444	8872
8444	8873
8444	8874
8444	8876
8444	8376
8444	5359
8444	8444
8444	8965
8444	8966
8444	8969
8444	8992
8444	8496
8444	9009
8444	9023
8444	8528
8444	9059
8444	8648
8444	8652
253	5205
253	10759
82174	82086
256	9045
33025	5205
82178	82086
33027	5205
82116	82086
261	10208
261	425
261	787
261	6092
82182	82086
82183	82086
82184	82086
8457	9059
8457	8965
8457	8966
8457	9009
8457	8648
8457	8876
8457	8652
8457	8528
8457	8785
8457	8969
8457	8376
8457	8764
8457	542
8457	9023
82186	82086
267	641
267	807
267	5769
267	558
267	45041
267	78909
82188	82086
82189	82086
82190	82086
82191	82086
8464	8528
8464	9059
8464	8965
8464	8966
8464	9009
8464	8648
8464	8969
8464	8876
8464	8496
8464	8785
8464	542
8464	8376
8464	8764
82193	82086
82194	82086
82195	82086
82197	82086
8470	8780
8470	8648
8470	8965
8470	8969
8470	8718
8470	8976
8470	8722
8470	8979
8470	8980
8470	8981
8470	8470
8470	8687
8470	8474
8470	3228
8470	542
8470	8781
8470	8480
8470	8731
8470	9009
8470	8746
8470	8647
8470	8876
8470	8749
8470	8496
8470	8776
8470	8754
8470	8777
8470	8376
8470	8505
8470	9059
8470	8380
8470	8644
8470	8645
8470	8646
8470	8392
8470	8393
8470	8778
8470	8779
8470	8396
8470	8397
8470	8526
8470	8527
8470	8784
8470	8785
8470	8786
8470	8787
8470	8782
8470	8761
8470	8783
8470	8540
8470	8541
8470	8672
8470	8528
8470	8677
8470	8764
8470	8775
8470	1135
8470	8566
8470	1149
82199	82086
280	5287
82201	82086
8474	8566
8474	8396
8474	8526
8474	8687
8474	8785
8474	8786
8474	8376
8474	9023
8474	3228
8474	8541
8474	542
8474	8965
82203	82086
82204	82086
82205	82086
82206	82086
82207	82086
8481	8528
8481	9059
8481	8965
8481	9009
8481	8648
8481	8969
8481	8876
8481	8496
8481	8785
8481	542
8481	8376
8481	8764
8481	9023
82117	82086
82211	82086
292	31812
292	10756
292	55974
292	35431
292	2024
292	5609
292	17234
292	63284
292	15768
292	10468
292	67549
8485	36552
8485	8496
8485	9059
8485	36478
8485	9023
81026	80507
82215	82086
8488	8528
8488	9059
8488	8965
8488	9009
8488	8648
8488	8969
8488	8876
8488	8496
8488	8785
8488	542
8488	8376
8488	8764
8488	9023
82217	82086
82218	82086
33067	18146
33067	3647
82220	82086
302	10269
8495	8528
8495	9059
8495	8965
8495	9009
8495	8648
8495	8969
8495	8876
8495	8496
8495	8785
8495	542
8495	8376
8495	8764
8495	9023
33072	78810
82225	82086
306	3228
82228	82086
82229	82086
82230	82086
75145	508
41272	5205
8505	8965
8505	8969
8505	3228
8505	542
8505	8876
8505	8496
8505	9009
8505	8376
8505	8764
8505	9023
8505	8648
8505	8396
8505	8652
8505	8526
8505	8528
8505	8785
8505	8786
8505	9059
8505	8541
8505	8687
8505	8566
8506	8528
8506	9059
8506	8965
8506	9009
8506	8648
8506	8876
8506	8652
8506	8496
8506	8785
8506	542
8506	8969
8506	8376
8506	8764
8506	9023
82235	82086
82236	82086
82237	82086
318	425
318	18146
8511	8528
8511	9059
8511	8965
8511	9009
8511	8648
8511	8969
8511	8496
8511	8785
8511	542
8511	8376
8511	8764
8511	9023
82118	82086
82241	82086
82242	82086
54449	54437
82244	82086
82245	82086
82246	82086
82247	82086
82248	82086
8521	8528
8521	9059
8521	8965
8521	9009
8521	8648
8521	8969
8521	8496
8521	8785
8521	542
8521	8376
8521	8764
8521	9023
8522	8528
8522	9059
8522	8965
8522	9009
8522	8648
8522	8969
8522	8876
8522	8496
8522	8785
8522	542
8522	8376
8522	8764
8522	9023
82251	82086
82252	82086
333	28898
333	995
333	4459
333	28268
333	29197
333	3474
333	4465
333	28338
333	13621
333	28918
333	28599
333	3480
333	28442
333	558
333	28381
333	27583
8526	8780
8526	8648
8526	8965
8526	8969
8526	8931
8526	8718
8526	8976
8526	8977
8526	8722
8526	8979
8526	8980
8526	8981
8526	8687
8526	8984
8526	3228
8526	8986
8526	542
8526	8781
8526	8480
8526	8731
8526	9009
8526	8746
8526	8647
8526	8876
8526	8749
8526	8496
8526	8776
8526	8754
8526	8777
8526	8376
8526	9059
8526	8380
8526	9023
8526	8644
8526	8645
8526	8646
8526	8392
8526	8393
8526	8778
8526	8779
8526	8396
8526	8397
8526	8526
8526	8527
8526	8784
8526	8785
8526	8786
8526	8787
8526	8782
8526	8761
8526	8783
8526	8540
8526	8541
8526	8672
8526	8528
8526	8677
8526	8764
8526	8775
8526	8978
8526	1135
8526	8566
8526	1149
8526	8789
8527	8566
8527	8396
8527	8687
8527	8496
8527	8785
8527	8786
8527	9059
8527	542
8527	8376
8527	9023
8527	3228
8527	8541
8527	8965
8528	542
8528	8965
8528	8969
8528	8764
8528	8785
8528	1128
8528	1135
8528	1149
8528	1150
8528	8876
8528	8376
8528	8388
8528	8399
8528	5359
8528	8440
8528	8453
8528	8468
8528	8471
8528	8480
8528	8494
8528	8496
8528	9009
8528	8499
8528	8531
8528	8534
8528	8540
8528	8541
8528	8546
8528	9059
8528	8548
8528	8557
8528	8570
8528	9023
8528	8573
8528	8576
8528	8648
8528	8649
8528	8650
8528	8651
8528	8652
8528	8653
8528	8654
8528	8655
8528	8656
8528	8657
8528	8658
8528	8659
8528	8660
8528	8661
8528	8662
8528	8663
8528	8664
8528	8665
8528	8666
8528	8667
8528	8668
8528	8669
8528	8670
8528	8671
8528	8672
8528	8673
8528	8674
8528	8675
8528	8676
8528	8677
8528	8678
8528	8679
8528	8680
8528	8681
8528	8682
8528	8683
8528	8684
8528	8685
8528	8686
82257	82086
82258	82086
8531	9059
8531	8965
8531	8966
8531	8648
8531	8876
8531	8652
8531	8496
8531	8785
8531	8969
8531	8376
8531	8764
8531	542
8531	9023
82260	82086
82261	82086
342	23362
82263	82086
82264	82086
82265	82086
82266	82086
82267	82086
8540	8566
8540	8648
8540	8876
8540	8396
8540	8687
8540	8785
8540	8786
8540	9059
8540	8969
8540	8376
8540	9023
8540	8764
8540	9009
8540	542
8540	8965
8541	8780
8541	8648
8541	8965
8541	8969
8541	8931
8541	8718
8541	8976
8541	8977
8541	8722
8541	8979
8541	8980
8541	8981
8541	8687
8541	8984
8541	3228
8541	8986
8541	542
8541	8781
8541	8480
8541	8731
8541	9009
8541	8746
8541	8647
8541	8876
8541	8749
8541	8496
8541	8776
8541	8754
8541	8777
8541	8376
8541	9059
8541	8380
8541	9023
8541	8644
8541	8645
8541	8646
8541	8392
8541	8393
8541	8778
8541	8779
8541	8396
8541	8397
8541	8785
8541	8786
8541	8787
8541	8782
8541	8761
8541	8783
8541	8541
8541	8672
8541	8784
8541	8677
8541	8764
8541	8775
8541	8978
8541	1135
8541	8566
8541	1149
8541	8789
82270	82086
82271	82086
82272	82086
82273	82086
354	12515
354	15526
354	19495
354	4589
354	335
354	4722
354	1363
354	4468
354	20693
354	2556
354	7075
82275	82086
8548	9059
8548	8965
8548	8648
8548	8969
8548	8876
8548	8496
8548	8785
8548	8376
8548	8764
8548	542
8548	9023
82277	82086
33126	33126
8551	8496
8551	9059
8551	542
8551	9023
360	10269
360	558
82281	82086
82282	82086
82283	82086
82284	82086
365	10269
82286	82086
82287	82086
82288	82086
82289	82086
82290	82086
82291	82086
82292	82086
82293	82086
8566	8780
8566	8965
8566	8931
8566	8718
8566	9005
8566	8976
8566	8977
8566	8722
8566	8979
8566	8980
8566	8981
8566	8687
8566	8984
8566	3228
8566	8986
8566	542
8566	8781
8566	8480
8566	8731
8566	8746
8566	8647
8566	8749
8566	9006
8566	8496
8566	8776
8566	8754
8566	8777
8566	8376
8566	9059
8566	8380
8566	9023
8566	8644
8566	8645
8566	8646
8566	8392
8566	8393
8566	8778
8566	8779
8566	8396
8566	8397
8566	8784
8566	8785
8566	8786
8566	8787
8566	8782
8566	8761
8566	8783
8566	8672
8566	8677
8566	8775
8566	8978
8566	1135
8566	8699
8566	1149
8566	8789
82295	82086
82296	82086
82297	82086
8570	9059
8570	8965
8570	9009
8570	8648
8570	8876
8570	8652
8570	8496
8570	8785
8570	542
8570	8969
8570	8376
8570	8764
8570	9023
82299	82086
82120	82086
82302	82086
383	416
383	68262
383	457
383	3213
383	68237
383	68216
383	68244
383	11674
383	68219
383	4570
383	68254
8576	9059
8576	8965
8576	8966
8576	9009
8576	8648
8576	8969
8576	8876
8576	8496
8576	8785
8576	542
8576	8376
8576	8764
8576	9023
82305	82086
82306	82086
387	30432
82308	82086
389	3228
390	3228
82311	82086
8584	3228
8585	3228
82314	82086
30103	30432
8588	15458
8588	3303
82317	82086
82318	82086
82319	82086
82320	82086
8593	3228
8594	3213
8594	5905
8594	17973
8594	1230
82323	82086
82324	82086
82325	82086
82326	82086
30105	30432
30105	34767
82328	82086
82121	82086
82331	82086
82332	82086
82334	82086
8607	1552
416	133
416	135
416	4751
416	11794
416	532
416	11678
416	421
416	11687
416	3117
416	815
416	12446
416	10808
416	2105
416	457
416	249
416	14681
416	13544
416	916
416	127
416	11772
8609	3228
82338	82086
419	425
419	63982
419	787
419	723
419	1399
8612	3292
8612	14474
8612	14027
8612	1230
8612	5552
8612	5905
8612	1586
8612	3228
421	30432
82342	82086
82343	82086
82344	82086
425	5632
425	1412
425	134
425	10759
425	138
425	452
425	3213
425	787
425	6006
425	917
425	14873
425	439
425	11678
425	546
425	1061
425	1063
425	11689
425	5290
425	498
425	5422
425	563
425	564
425	14517
425	8630
425	457
425	1593
425	444
425	3647
425	448
425	450
425	29124
425	3141
425	839
425	29128
425	437
425	6839
425	1612
425	52173
425	28367
425	29176
425	2259
425	4564
425	57176
425	14298
425	527
425	605
425	719
425	736
425	68194
425	17635
425	5493
425	7463
425	3695
425	4594
425	446
425	29174
425	1272
425	34425
425	916
425	764
425	127
82346	82086
8619	3213
33196	505
429	30432
429	5905
429	17714
429	14027
429	5287
82350	82086
5533	11297
5533	15458
5533	4163
5533	5380
5533	3303
5533	3944
5533	14474
5533	5287
5533	4642
5533	5905
5533	15766
5533	4666
5533	3292
432	439
8625	3228
8626	10759
435	14027
435	1947
435	927
435	5287
82356	82086
437	787
439	11684
439	11685
439	2054
439	11689
439	457
439	6693
439	527
439	4217
439	445
439	127
8632	3228
8632	10389
8632	5205
82361	82086
8634	11297
8634	14474
8634	5905
8634	17234
82363	82086
444	787
444	1955
446	787
446	1593
446	1063
447	856
447	10269
448	491
448	3213
448	625
448	787
448	852
448	854
448	856
448	508
448	10269
82369	82086
450	14474
450	787
82371	82086
452	11680
452	645
452	10759
452	10760
452	20681
452	890
452	723
452	505
452	2106
452	527
452	604
452	4250
453	489
453	10269
8646	8396
8646	8687
8646	8496
8646	8785
8646	8786
8646	9059
8646	542
8646	8376
8646	3228
8646	8965
8647	8396
8647	8687
8647	8785
8647	8786
8647	8376
8647	3228
8647	542
8647	8965
456	2049
456	3204
456	17292
456	3213
456	15766
456	3351
456	5380
456	3230
456	5282
456	1061
456	3750
456	1063
456	2986
456	3756
456	1608
456	5300
456	1593
456	5314
456	1352
456	3447
456	930
456	15458
456	3303
456	3433
456	1399
456	17914
8268	30432
8650	9059
8650	8965
8650	8966
8650	9009
8650	8648
8650	8876
8650	8652
8650	8496
8650	8785
8650	542
8650	8969
8650	8376
8650	8764
8651	9059
8651	8965
8651	9009
8651	8648
8651	8969
8651	8876
8651	8785
8651	8376
8651	8764
8651	542
8652	8876
8652	542
8652	8965
8652	8737
8652	8739
8652	549
8652	23217
8652	8969
8652	8764
8652	8773
8652	8785
8652	9059
8652	23226
8652	1128
8652	1135
8652	1150
8652	26752
8652	26753
8652	26754
8652	26755
8652	23181
8652	23182
8652	23183
8652	23184
8652	23185
8652	23186
8652	23188
8652	23189
8652	23191
8652	23192
8652	23193
8652	23194
8652	23195
8652	23197
8652	23198
8652	23199
8652	23200
8652	23201
8652	23202
8652	23203
8652	23204
8652	23206
8652	23207
8652	23209
8652	23210
8652	23211
8652	23212
8652	23213
8652	23216
8652	21681
8652	2226
8652	21684
8652	23223
8652	8376
8652	23225
8652	23227
8652	23228
8652	23229
8652	23231
8652	23232
8652	23233
8652	23234
8652	23235
8652	23236
8652	23237
8652	23238
8652	23239
8652	23240
8652	23241
8652	23242
8652	23243
8652	23244
8652	23245
8652	23246
8652	23247
8652	23248
8652	23249
8652	23250
8652	23251
8652	23252
8652	23253
8652	23254
8652	23256
8652	23257
8652	8399
8652	21727
8652	8400
8652	8401
8652	8952
8652	8958
8652	22277
8652	8408
8652	8469
8652	8477
8652	8494
8652	8496
8652	9009
8652	22842
8652	22851
8652	8518
8652	22858
8652	22859
8652	22861
8652	8536
8652	8537
8652	1891
8652	8549
8652	8557
8652	1907
8652	9084
8652	21903
8652	21911
8652	21919
8652	9120
8652	8394
8652	21922
8652	8648
8652	8652
8652	8653
8652	8661
8652	8662
8652	8666
8652	8672
8652	8674
8652	8676
8652	8679
8652	8680
8652	8682
8652	8686
8653	8965
8653	8966
8653	9009
8653	8648
8653	8876
8653	8785
8653	542
8653	8969
8653	8376
8653	8764
8654	9059
8654	8965
8654	8966
8654	9009
8654	8648
8654	8969
8654	8876
8654	8496
8654	8785
8654	8376
8654	8764
8654	542
463	471
463	36549
463	1567
8656	9059
8656	8965
8656	8966
8656	9009
8656	8648
8656	8969
8656	8876
8656	8496
8656	8785
8656	542
8656	8376
8656	8764
465	2518
8658	9059
8658	8965
8658	8966
8658	9009
8658	8648
8658	8969
8658	8876
8658	8496
8658	8785
8658	542
8658	8376
8658	8764
8659	9059
8659	8965
8659	8966
8659	9009
8659	8648
8659	8969
8659	8876
8659	8496
8659	8785
8659	542
8659	8376
8659	8764
468	2105
468	471
468	36549
468	1567
81998	17973
8662	9059
8662	8965
8662	8966
8662	8648
8662	8876
8662	8496
8662	8785
8662	8969
8662	8376
8662	8764
8662	542
471	36548
471	36549
471	1567
8664	9059
8664	8965
8664	8966
8664	9009
8664	8648
8664	8969
8664	8876
8664	8785
8664	542
8664	8376
8664	8764
33241	611
33241	33785
8666	9059
8666	8645
8666	9009
8666	8648
8666	8876
8666	5359
8666	8496
8666	8785
8666	542
8666	8969
8666	8376
8666	8764
8666	8965
79	5205
8668	9059
8668	8965
8668	9009
8668	8648
8668	8969
8668	8876
8668	8496
8668	8785
8668	542
8668	8376
8668	8764
8669	9059
8669	8965
8669	9009
8669	8648
8669	8969
8669	8876
8669	8785
8669	542
8669	8376
8669	8764
8671	9059
8671	8965
8671	66087
8671	8648
8671	8969
8671	8876
8671	8496
8671	8785
8671	542
8671	8376
8671	8764
8671	9009
8672	8965
8672	8969
8672	3228
8672	542
8672	8876
8672	8496
8672	9009
8672	8376
8672	8764
8672	8648
8672	8396
8672	8785
8672	9059
8672	8687
8673	9059
8673	8965
8673	9009
8673	8648
8673	8969
8673	8876
8673	8496
8673	8785
8673	542
8673	8376
8673	8764
8674	8965
8674	9009
8674	8648
8674	8876
8674	8785
8674	542
8674	8969
8674	8376
8674	8764
8675	8965
8675	9009
8675	8648
8675	8969
8675	8876
8675	8785
8675	542
8675	8376
8675	8764
8676	9059
8676	8965
8676	9009
8676	8648
8676	8876
8676	8785
8676	542
8676	8969
8676	8376
8676	8764
8677	8965
8677	8969
8677	3228
8677	542
8677	8876
8677	8496
8677	9009
8677	8376
8677	8764
8677	8648
8677	8396
8677	8785
8677	8786
8677	9059
8677	8687
8678	8965
8678	9009
8678	8648
8678	8969
8678	8876
8678	8785
8678	542
8678	8376
8678	8764
8679	8965
8679	9009
8679	8648
8679	8876
8679	8785
8679	542
8679	8969
8679	8376
8679	8764
8680	9059
8680	8965
8680	8648
8680	8876
8680	8785
8680	8969
8680	8376
8680	8764
8680	542
489	769
489	898
489	782
489	621
489	2065
489	914
489	531
489	538
489	805
489	678
489	807
489	554
489	556
489	560
489	562
489	566
489	706
489	586
489	852
489	854
489	856
489	655
489	612
489	490
489	493
489	494
489	624
489	625
489	498
489	505
489	506
489	508
489	509
490	928
490	720
490	835
490	15749
490	1063
490	14474
490	807
490	857
490	624
490	5299
490	1334
490	713
490	1593
490	1546
490	735
491	611
491	779
491	812
491	787
491	885
491	52759
491	856
491	508
491	765
8684	8965
8684	8648
8684	8876
8684	9009
8684	542
8684	8376
8684	8764
493	498
494	961
8687	8780
8687	8965
8687	8931
8687	8718
8687	8976
8687	8977
8687	8722
8687	8979
8687	8980
8687	8981
8687	8984
8687	3228
8687	8986
8687	542
8687	8781
8687	8480
8687	8731
8687	8746
8687	8749
8687	8776
8687	8754
8687	8777
8687	8376
8687	8380
8687	8644
8687	8645
8687	8392
8687	8393
8687	8778
8687	8779
8687	8396
8687	8397
8687	8784
8687	8785
8687	8787
8687	8782
8687	8761
8687	8783
8687	8775
8687	8978
8687	1135
8687	1149
8687	8789
498	76417
498	1538
498	1539
498	518
498	519
498	40841
498	642
498	1550
498	656
498	856
498	786
498	28435
498	508
498	944
498	603
498	764
498	76423
498	3117
498	816
498	2100
498	28727
498	697
498	714
498	590
498	852
498	28885
498	787
498	40591
498	4572
498	607
498	1384
498	625
498	4467
498	28281
498	2172
498	76413
8691	15458
8691	15766
8691	3303
82124	82086
501	856
501	625
501	508
81033	80507
505	4288
505	1538
505	645
505	22023
505	10760
505	5900
505	3471
505	21521
505	26387
505	532
505	663
505	4507
505	4508
505	5411
505	548
505	549
505	5640
505	540
505	5162
505	5166
505	1199
505	547
505	3017
505	7484
505	3648
505	603
505	581
505	29127
505	11721
505	4215
505	3666
505	2259
505	11732
505	823
505	38234
505	527
505	604
505	5214
505	616
505	3563
505	5358
505	23540
505	23543
505	3028
505	78843
505	764
505	765
505	766
505	3583
506	961
8699	9059
8699	8965
8699	8396
8699	8496
8699	542
508	1538
508	519
508	1546
508	1548
508	1552
508	531
508	538
508	1066
508	1067
508	1068
508	558
508	1071
508	1586
508	1076
508	1589
508	1078
508	1079
508	572
508	1376
508	600
508	603
508	611
508	616
508	617
508	623
508	624
508	625
508	2169
508	641
508	642
508	663
508	76440
508	76447
508	673
508	674
508	679
508	686
508	708
508	713
508	714
508	720
508	726
508	730
508	733
508	735
508	742
508	756
508	762
508	775
508	786
508	1300
508	1070
508	1306
508	1310
508	1315
508	5412
508	1317
508	1318
508	807
508	1325
508	1328
508	817
508	1334
508	905
508	1336
508	835
508	823
508	1360
508	851
508	854
508	856
508	864
508	40807
508	15729
508	5005
508	914
508	75166
508	928
508	936
508	1492
508	985
508	508
508	509
509	10759
510	35470
8703	8496
8703	9059
8704	8496
8704	9059
8704	66087
8705	8496
8705	9059
514	30432
515	10208
515	856
8708	8496
8708	9059
8709	8496
8709	9059
518	641
518	1063
518	625
518	854
518	1593
519	641
519	1539
519	742
519	1063
519	663
519	1550
519	889
519	625
519	854
519	1079
519	856
519	1593
8712	8496
8712	9059
8713	8496
8713	9059
8714	8496
8714	9059
8715	8496
8715	9059
527	11680
527	18976
527	604
527	10759
527	10760
527	1867
527	5277
527	723
527	14902
527	3191
527	4250
527	540
527	645
8720	8496
8720	9059
8721	8496
8721	9059
8722	8396
8722	8496
8722	8785
8722	8786
8722	9059
8722	542
8722	8376
8722	8965
531	625
531	914
531	663
531	856
531	2109
532	10759
532	17973
532	4250
8725	8496
8725	9059
8726	8496
8726	9059
8727	8496
8727	9059
8728	8496
8728	9059
8729	8496
8729	9059
538	1063
538	625
538	786
538	1079
538	856
538	1593
8731	8396
8731	8496
8731	8785
8731	8786
8731	9059
8731	8376
8731	542
8731	8965
540	420
540	1206
540	10759
540	10760
540	20681
540	1226
540	1867
540	1199
540	1200
540	1245
540	1959
540	890
540	1211
540	5277
8733	8496
8733	9059
542	8718
542	542
542	8965
542	8746
542	8749
542	8754
542	8969
542	8761
542	8764
542	8771
542	8775
542	8776
542	8777
542	8778
542	8779
542	8780
542	8781
542	8782
542	8783
542	8784
542	8785
542	8786
542	8787
542	8789
542	8792
542	8976
542	1128
542	1135
542	8980
542	1149
542	1150
542	9006
542	8982
542	3228
542	8986
542	8876
542	8904
542	8376
542	8380
542	8388
542	8392
542	8393
542	8396
542	8397
542	8399
542	8440
542	8453
542	8977
542	8978
542	8979
542	8468
542	8981
542	8983
542	8984
542	8985
542	8480
542	9005
542	8494
542	8496
542	9009
542	8499
542	9024
542	9026
542	8534
542	8546
542	9059
542	8557
542	9023
542	8573
542	5359
542	8931
542	8644
542	8645
542	8648
542	8649
542	8655
542	8657
542	8660
542	8661
542	8663
542	8665
542	8667
542	8670
542	8681
542	8682
542	8683
542	8685
8735	8496
8735	9059
544	1891
544	20740
544	20901
544	8966
544	10760
544	20681
544	21098
544	26411
544	890
544	5277
544	24168
544	723
544	2262
544	20905
544	20666
544	26682
544	22015
545	641
545	1063
545	746
545	625
545	28435
545	663
545	1593
547	10760
548	4250
549	1891
549	5277
549	10759
550	10759
66087	66085
66087	22440
66087	66089
66087	66090
66087	66091
66087	66092
66087	27853
66087	9134
66087	66093
66087	66088
66087	21684
66087	20729
66087	23903
82473	17973
8749	8396
8749	8496
8749	8785
8749	8786
8749	9059
8749	8376
8749	8965
558	1548
558	1550
558	1552
558	28195
558	28196
558	1062
558	1063
558	4468
558	1586
558	28215
558	1593
558	28222
558	28223
558	28224
558	28229
558	28236
558	5198
558	28243
558	28245
558	599
558	15457
558	28263
558	28778
558	28269
558	625
558	28279
558	3704
558	2169
558	641
558	28304
558	28307
558	28309
558	28310
558	28315
558	669
558	5293
558	15538
558	28343
558	4280
558	28345
558	28352
558	714
558	1230
558	28367
558	726
558	28375
558	28890
558	28382
558	28383
558	742
558	746
558	756
558	761
558	1279
558	3331
558	28428
558	786
558	28439
558	28443
558	28449
558	1317
558	28464
558	29490
558	1336
558	2362
558	835
558	851
558	1364
558	854
558	856
558	3932
558	4459
558	5492
558	6006
558	6017
558	3474
558	919
558	927
558	17317
558	17327
558	2482
558	27583
558	4857
558	985
558	7644
558	995
558	1516
558	8173
558	3061
558	28662
8751	8496
8751	9059
560	961
8753	8496
8753	9059
563	5632
563	18146
563	1063
563	787
563	34425
563	1593
564	34425
564	18146
8757	8496
8757	9059
567	10269
8760	8496
8760	9059
569	19606
8762	8496
8762	9059
8763	8496
8763	9059
572	856
572	641
572	10269
572	625
8765	8496
8748	8496
8748	9059
8768	8785
8768	8969
580	20681
581	18146
581	10759
581	29130
581	871
581	34425
581	3647
8775	8396
8775	8785
8775	8786
8775	8376
8775	8965
8776	8396
8776	8785
8776	8376
8776	8965
49737	3233
8779	8396
8779	8785
8779	8786
8779	8376
8779	8965
82508	17973
8781	8396
8781	8785
8781	8786
8781	8376
8781	8965
590	5905
8783	8396
8783	8785
8783	8376
8783	8965
592	28345
592	28778
592	807
592	10269
592	641
8785	8718
8785	8965
8785	8746
8785	8754
8785	8761
8785	8777
8785	8778
8785	8780
8785	8782
8785	8784
8785	8785
8785	8787
8785	8789
8785	8976
8785	1128
8785	1135
8785	8980
8785	1149
8785	1150
8785	8982
8785	8983
8785	3228
8785	8986
8785	8376
8785	8380
8785	8388
8785	8392
8785	8393
8785	8396
8785	8397
8785	8399
8785	8440
8785	8453
8785	8463
8785	8977
8785	8978
8785	8979
8785	8468
8785	8981
8785	8471
8785	8984
8785	8985
8785	8480
8785	8494
8785	8499
8785	8534
8785	8546
8785	8557
8785	8573
8785	5359
8785	8931
8785	8644
8785	8645
8785	8649
8785	8655
8785	8657
8785	8660
8785	8661
8785	8663
8785	8665
8785	8667
8785	8670
8785	8681
8785	8682
8785	8683
8785	8685
8785	8686
8786	8780
8786	8982
8786	8931
8786	8718
8786	8976
8786	8977
8786	8979
8786	8980
8786	8981
8786	8983
8786	8984
8786	8985
8786	3228
8786	8986
8786	8480
8786	8746
8786	8754
8786	8965
8786	8777
8786	8376
8786	8380
8786	9026
8786	8644
8786	8645
8786	8392
8786	8393
8786	8778
8786	8396
8786	8397
8786	8787
8786	8782
8786	8761
8786	8978
8786	1135
8786	1149
8786	8789
8787	8396
8787	8376
8787	8965
597	45580
599	854
599	10269
599	5287
600	625
600	641
12388	5995
8794	8992
603	625
604	70913
604	2051
604	10759
604	10760
604	11691
604	2638
604	804
604	4250
605	34425
605	663
8798	8992
607	641
607	1063
607	871
607	625
607	854
607	1593
33376	10208
33376	3647
8801	8992
8802	8992
611	17923
611	52740
611	902
611	52747
611	5613
611	52754
611	5476
611	791
611	4760
611	1315
611	13988
611	892
611	817
611	14904
611	2879
611	18146
611	2658
611	856
611	17890
611	611
611	14052
611	5477
611	52714
611	2023
611	52717
611	625
611	52722
611	33785
611	52732
611	52735
82022	3213
8806	8992
8807	8992
616	625
616	852
616	856
616	10269
617	742
617	1063
617	625
617	856
617	1593
617	10269
8810	8992
8811	8992
82128	82086
622	15458
622	5380
622	15766
622	3303
622	36598
622	35960
623	856
624	742
624	1063
624	843
624	625
624	851
624	856
624	1593
624	733
625	641
625	1538
625	982
625	1546
625	86935
625	1548
625	642
625	823
625	786
625	1300
625	663
625	1306
625	817
625	1310
625	928
625	674
625	1315
625	5412
625	1317
625	1318
625	807
625	936
625	1066
625	1067
625	1068
625	1325
625	1070
625	1071
625	775
625	1586
625	1076
625	693
625	1334
625	1079
625	1336
625	1588
625	735
625	835
625	708
625	1078
625	673
625	985
625	713
625	714
625	28215
625	1360
625	722
625	1364
625	854
625	825
625	857
625	730
625	762
625	864
625	720
625	40563
625	856
625	634
625	686
82111	82086
8819	8992
628	641
628	3298
628	726
628	1079
628	856
628	10269
8821	8992
8822	8992
8823	8992
8824	8992
8825	8992
634	10269
8827	8992
8828	8992
45162	45163
45162	45164
45162	45165
45162	45166
45162	45167
45162	45168
45162	45169
8830	8992
8831	8992
8832	8992
641	4267
641	1541
641	10250
641	86359
641	4623
641	3600
641	19985
641	86302
641	10259
641	19988
641	10269
641	1062
641	1063
641	1066
641	45099
641	1068
641	1586
641	2100
641	3127
641	1593
641	87135
641	4158
641	4213
641	4163
641	28228
641	2117
641	72033
641	5197
641	5198
641	4176
641	4696
641	15458
641	24170
641	87147
641	87148
641	11378
641	3701
641	3191
641	2170
641	15484
641	6781
641	3714
641	3722
641	3863
641	142
641	3731
641	663
641	28315
641	3697
641	28331
641	5293
641	686
641	4979
641	693
641	4280
641	4287
641	714
641	719
641	3281
641	3283
641	3284
641	726
641	86233
641	3293
641	86239
641	3298
641	742
641	3303
641	3307
641	3312
641	86258
641	4857
641	86275
641	5380
641	5381
641	774
641	86401
641	3340
641	642
641	86287
641	86288
641	786
641	1070
641	86294
641	17175
641	86296
641	1310
641	86304
641	3873
641	7458
641	86309
641	86310
641	86311
641	17193
641	86319
641	86320
641	39731
641	3382
641	1336
641	825
641	86334
641	2879
641	3904
641	18241
641	86352
641	3923
641	1364
641	854
641	3927
641	856
641	86361
641	1371
641	2397
641	1375
641	4961
641	5988
641	3941
641	5995
641	3948
641	17265
641	4978
641	43667
641	86391
641	86335
641	86400
641	6017
641	86251
641	914
641	15766
641	919
641	86256
641	17317
641	37286
641	942
641	2482
641	949
641	86969
641	5580
641	4558
641	3026
641	86283
641	985
641	7644
641	6627
641	8173
641	3057
641	851
641	4088
641	86356
642	40593
642	786
642	142
642	852
642	856
642	3006
20587	3298
20587	5510
8836	8992
645	890
645	5214
8839	8992
8840	8992
8842	8992
82571	82692
82571	17973
82572	17973
82573	17973
8846	8992
8849	8992
82578	82578
82578	80315
82578	80295
8851	8992
8852	8992
8853	8992
8854	8992
663	4232
663	4233
663	4234
663	1548
663	1550
663	4245
663	4254
663	674
663	1063
663	1070
663	905
663	1593
663	3656
663	854
663	825
663	856
663	985
663	495
663	28435
663	1911
663	762
663	765
82584	3213
82584	80295
8857	8992
8858	8992
667	4573
8860	8992
669	786
669	1548
669	1062
8862	8992
8863	8992
8864	8992
673	852
674	10208
674	871
674	852
674	3647
8867	8992
8868	8992
74492	74340
679	856
8872	8992
8873	8992
8874	8992
8876	8764
8876	8772
8876	1128
8876	1135
8876	1149
8876	1150
8876	8876
8876	8376
8876	8388
8876	8399
8876	5359
8876	8440
8876	8453
8876	8468
8876	8471
8876	8480
8876	8494
8876	8499
8876	8534
8876	8546
8876	8557
8876	8573
8876	8649
8876	8655
8876	8657
8876	8660
8876	8661
8876	8663
8876	8665
8876	8667
8876	8670
8876	8681
8876	8682
8876	8683
8876	8685
8876	8686
686	40689
686	786
686	1371
690	1550
17077	4666
17077	3231
17078	4666
17078	3231
17079	3231
696	10269
82621	82621
82621	82622
28789	28196
28789	1516
28789	982
28789	825
706	2128
706	940
706	10269
706	797
708	15458
708	5380
708	3303
708	1063
708	3298
708	914
708	15766
708	29144
708	1593
708	733
712	713
712	14474
713	15458
713	10308
713	742
713	5380
713	1063
713	3303
713	807
713	10225
713	852
713	15766
713	856
713	1593
713	733
714	3298
714	786
714	1550
714	852
714	40313
714	10269
32887	63284
2183	927
719	854
719	1063
719	5995
719	1586
719	726
719	1593
720	733
720	742
720	1063
720	14474
720	54807
720	1294
720	10269
720	807
720	3289
720	856
720	1593
25297	28435
723	1798
723	10760
723	1891
726	825
726	3722
726	1548
726	1552
726	786
726	19988
726	919
726	28704
726	1062
726	1063
726	4264
726	1586
726	2482
726	3382
726	28215
726	4280
726	1593
726	2362
726	5197
726	4558
726	1336
726	851
726	5198
726	854
726	2169
726	856
726	4961
726	742
726	746
726	4978
726	4979
726	4857
17111	3231
730	856
730	854
38351	5995
733	1360
733	835
733	1078
733	742
733	807
733	1546
733	1334
733	857
733	856
733	735
17118	4666
17118	3231
735	742
735	1063
735	856
735	1593
736	1593
736	10759
736	1063
738	28435
738	852
738	5005
738	40807
8931	8965
8931	8396
8931	8376
17124	15458
17124	5380
17124	3303
17124	3298
17124	3351
17124	3231
17125	15458
17125	3303
17125	3351
17125	6040
17125	2878
17125	3231
742	854
742	1546
742	1548
742	786
742	928
742	807
742	1586
742	1076
742	1334
742	1336
742	835
742	1078
742	851
742	856
742	1360
742	2169
54737	53496
745	5035
745	10269
746	1336
746	1586
748	1593
748	18146
748	1063
749	18146
749	3647
756	856
759	11297
759	17234
761	3704
761	856
762	856
127	14027
764	10759
764	6092
764	3213
764	35470
764	787
764	34425
17150	33768
17150	4666
17151	15458
17151	5380
17151	15766
17151	3303
768	19606
771	45580
772	10759
773	1552
773	1586
774	1552
774	5552
774	1586
774	3292
8321	3228
777	10269
777	854
17164	15458
17164	5380
17164	15766
17164	3303
8322	3228
782	1819
782	19606
8976	8376
17169	5905
17169	15458
17169	3298
17169	3303
786	2177
786	1539
786	1541
786	39643
786	1545
786	1548
786	1549
786	1550
786	39725
786	21648
786	856
786	786
786	28435
786	1552
786	15724
786	39706
786	39707
786	40605
786	11739
786	1315
786	28196
786	1063
786	39723
786	40877
786	40878
786	3704
786	1586
786	39731
786	2100
786	17973
786	28215
786	1336
786	1593
786	6717
786	3006
786	851
786	2117
786	39623
786	10187
786	825
786	28366
786	5005
786	28881
786	3923
786	852
786	142
786	12376
786	28890
786	1371
786	854
786	39648
786	3600
786	3298
786	4091
786	3941
786	40807
786	5995
786	40684
786	6627
786	40222
786	28403
786	117
786	28792
786	889
786	40571
786	982
786	3029
8323	3228
8980	8396
8980	8376
8980	8965
789	10269
789	854
17175	3298
17175	15458
17175	1586
17175	3303
8984	8965
8984	8396
8984	8376
8985	36552
8985	36478
8986	8965
8986	8396
8986	8376
799	1593
799	1063
17184	15458
17184	3303
804	10760
134	30432
134	787
807	53379
807	53508
807	54102
807	53383
807	392
807	53385
807	35594
807	47629
807	1294
807	49679
807	1300
807	3355
807	3228
807	53408
807	5410
807	54437
807	1063
807	15785
807	5295
807	2353
807	45043
807	4533
807	1078
807	10185
807	33750
807	1593
807	40689
807	1546
807	53439
807	53441
807	53387
807	10308
807	843
807	17740
807	53389
807	53456
807	53432
807	51794
807	53459
807	4693
807	5334
807	857
807	859
807	1246
807	3942
807	53479
807	53485
807	29167
807	10225
807	53469
807	4467
807	47988
807	3604
3715	54120
17193	15458
17193	5380
17193	3303
17193	1586
17193	15766
49287	3108
17197	15458
17197	5380
17197	3298
17197	15766
17197	3303
9006	8965
9006	8396
82735	3213
20616	80337
20616	3669
9010	1593
9010	1063
9011	10759
9012	10760
54750	53496
17206	15458
17206	2170
17206	3303
823	852
823	10269
825	28229
825	1516
825	856
49979	2842
17212	15458
17212	3303
17213	15458
17213	5380
17213	3298
17213	15766
17213	3303
17214	15458
17214	5380
17214	15766
17214	3303
9023	9047
9023	9048
9023	9049
9023	9050
9023	9051
9023	9052
9023	9053
9023	9054
9023	9055
9023	9056
9023	9057
9023	8974
9023	8792
9023	1135
9023	1150
9023	9024
9023	8380
9023	8388
9023	8394
9023	8395
9023	8396
9023	8397
9023	8398
9023	8399
9023	8400
9023	8401
9023	8402
9023	8404
9023	8405
9023	8406
9023	8408
9023	8410
9023	8411
9023	8412
9023	8413
9023	8415
9023	8416
9023	8417
9023	8418
9023	8420
9023	8421
9023	8422
9023	8423
9023	8424
9023	8425
9023	8428
9023	8429
9023	8430
9023	8432
9023	8433
9023	8434
9023	8436
9023	8437
9023	8438
9023	8439
9023	8440
9023	8443
9023	8445
9023	8446
9023	8447
9023	8448
9023	8449
9023	8450
9023	8451
9023	8452
9023	8453
9023	8455
9023	8456
9023	8458
9023	8460
9023	8461
9023	8462
9023	8463
9023	8465
9023	8466
9023	8467
9023	8468
9023	8473
9023	8475
9023	8476
9023	8480
9023	8482
9023	8483
9023	8484
9023	8486
9023	8487
9023	8489
9023	8490
9023	8491
9023	8492
9023	8493
9023	8494
9023	8496
9023	8497
9023	8498
9023	8499
9023	8500
9023	8501
9023	8502
9023	8503
9023	8504
9023	8507
9023	8508
9023	8509
9023	8510
9023	8512
9023	8513
9023	8514
9023	8515
9023	8516
9023	8517
9023	8518
9023	8519
9023	8520
9023	8523
9023	8524
9023	8525
9023	8529
9023	8530
9023	8532
9023	8533
9023	8534
9023	8535
9023	8536
9023	8537
9023	8538
9023	8539
9023	8542
9023	8543
9023	8544
9023	8545
9023	8546
9023	8549
9023	8550
9023	8552
9023	8553
9023	8554
9023	8555
9023	8556
9023	8557
9023	8558
9023	8559
9023	8560
9023	8561
9023	8562
9023	8563
9023	8564
9023	8565
9023	8567
9023	8568
9023	8569
9023	8571
9023	8572
9023	8573
9023	8574
9023	8575
9023	8577
9023	8578
9023	8579
9023	5359
9023	1964
9023	8660
54752	53496
835	1063
835	14474
835	852
835	856
835	1593
835	10269
17225	6040
17225	15458
17225	5380
17225	15766
17225	3303
842	856
2871	4666
2871	3231
17228	15458
17228	5380
17228	15766
17228	3303
54754	53496
9038	8992
9039	8992
9040	8992
9041	8992
17234	929
17234	5380
17234	3592
17234	10250
17234	19596
17234	35470
17234	3885
17234	10256
17234	5905
17234	18197
17234	15766
17234	15768
17234	3481
17234	4635
17234	15774
17234	11297
17234	4642
17234	15754
17234	5596
17234	15787
17234	35629
17234	4143
17234	5552
17234	5298
17234	63284
17234	4666
17234	15805
17234	2878
17234	15810
17234	15813
17234	3271
17234	5579
17234	5328
17234	36598
17234	33750
17234	3289
17234	3983
17234	3292
17234	33758
17234	17248
17234	15458
17234	5604
17234	19557
17234	3303
17234	33768
17234	5609
17234	67559
17234	3944
17234	5310
17234	14474
17234	35960
17234	32889
17234	15612
17234	15741
17235	5380
17235	14474
17235	15757
17235	33807
17235	10256
17235	5905
17235	15766
17235	15768
17235	15754
17235	11297
17235	4642
17235	3292
17235	15787
17235	3885
17235	5552
17235	5298
17235	15774
17235	4666
17235	17247
17235	15805
17235	2878
17235	3271
17235	15825
17235	33750
17235	15759
17235	5596
17235	5599
17235	17248
17235	15458
17235	5604
17235	33766
17235	3303
17235	3944
17235	15612
17235	15741
852	1538
852	1317
852	961
852	29064
852	5772
852	5421
852	40798
142	5316
142	40593
142	39731
142	854
854	45568
854	45569
854	45572
854	1541
854	1548
854	45582
854	45584
854	10269
854	45602
854	1062
854	1063
854	1066
854	45611
854	45612
854	45613
854	1586
854	2100
854	40578
854	28215
854	1593
854	7742
854	28742
854	5197
854	5198
854	15951
854	2645
854	3169
854	28778
854	3701
854	3714
854	3223
854	28323
854	5293
854	15538
854	39634
854	10190
854	39643
854	31460
854	39662
854	4857
854	39693
854	1070
854	40222
854	3367
854	7644
854	1336
854	7493
854	8519
854	851
854	859
854	874
854	17265
854	4467
854	40309
854	45545
854	914
854	45551
854	17317
854	10668
854	2482
854	2492
854	28662
854	4558
854	982
854	45529
854	45530
854	45531
854	45532
854	45533
854	45537
854	45540
854	45542
854	45543
854	45544
854	45546
854	8173
854	495
854	45554
854	45559
854	45562
854	45563
854	45564
17239	4666
17239	3351
17240	4666
857	643
857	15557
857	53415
857	1063
857	54828
857	843
857	33750
857	4632
857	1593
857	54875
17243	33768
17243	4666
17243	5380
17243	15766
17244	4666
17244	7707
17247	3468
17247	10250
17247	15612
17248	19169
17248	15612
8336	3228
8336	9045
8336	63284
17250	3351
17251	5905
17251	4642
50022	3013
871	10208
871	1888
871	1412
871	5281
871	29130
871	11534
871	10973
871	5422
871	26325
871	46870
871	46871
871	4794
871	29135
871	1354
871	1213
871	3647
874	1593
874	1063
82066	3213
17263	15458
17263	5380
17263	3303
17263	3298
17263	5552
17263	3292
17264	3298
17265	3026
17265	15458
17265	4163
17265	5380
17265	3303
17265	3298
17265	3722
17265	4091
17265	1586
17265	1070
17265	2482
17265	5905
17265	11378
17265	4558
17265	15766
17265	87194
17265	29051
17266	33777
17266	2930
17267	3298
17267	15458
17267	19794
17267	3303
889	2117
889	1550
890	7682
890	1411
890	10759
890	13320
890	26385
890	26386
890	26387
890	281
890	4506
890	4509
890	26403
890	925
890	1199
890	5688
890	2106
890	5179
890	20676
890	1895
890	4333
890	24184
890	5373
2879	5552
2879	4642
2879	5287
2879	3944
2879	29168
2879	5905
2879	4666
2879	3292
899	18146
901	20681
17292	10248
17292	3351
17293	3213
17293	7463
33678	5905
82222	82086
913	3559
33682	5905
916	2105
917	18146
917	787
917	6092
919	15458
919	5380
919	3303
919	1586
919	15766
54767	53496
925	10760
927	1952
927	2160
927	2184
927	2185
927	2064
927	1550
927	7745
927	29275
927	1948
927	1949
927	1950
927	1951
928	15749
928	29159
928	3463
928	1079
928	5496
928	1593
929	15458
929	5380
929	3303
929	18197
929	15766
930	1593
930	14474
930	1063
17317	5380
17317	1552
17317	1586
17317	3701
17317	1079
17317	3704
17317	7644
934	35163
936	856
936	10269
936	1079
938	1593
938	1063
939	1593
939	42719
939	5438
939	1063
941	961
942	1371
49309	29264
49309	3108
49309	19368
49309	393
49309	35154
49309	4590
49309	17744
49309	6737
49309	13362
49309	33717
49309	10198
49309	4407
49309	8328
49309	6750
49309	6879
33715	30432
949	15458
949	5380
949	3303
949	1063
949	15766
949	1593
33720	30432
33723	5905
41920	54120
41920	5205
33729	4573
963	78490
963	78884
963	78810
963	12454
17348	3176
17348	1593
17348	1063
17350	3298
17350	3292
17351	3233
17351	3218
17351	3669
33744	29168
33744	5552
33744	5905
33744	3292
33744	5287
33747	29168
33748	19794
33749	5905
33750	33768
33750	5292
33750	5295
33750	2878
33752	15458
33752	5380
33752	3303
33752	3298
33752	5552
33752	3292
33753	3298
33753	5380
33755	3944
33755	5552
33755	5580
33755	3292
33756	1552
8513	8496
8513	9059
33758	15810
33758	3298
74719	5205
33760	15810
82168	82086
995	28449
995	28778
995	28662
995	856
995	28345
995	28890
82086	80389
82086	80928
82086	68662
82086	78909
82086	80576
82086	82089
82086	82090
82086	82091
82086	82092
82086	82093
82086	82096
82086	82097
82086	82098
82086	82099
82086	82101
82086	82102
82086	82103
82086	82104
82086	82105
82086	82106
82086	82107
82086	82110
82086	82113
82086	82114
82086	82115
82086	82119
82086	82123
82086	82125
82086	82127
82086	82130
82086	82131
82086	82135
82086	82136
82086	82142
82086	82147
82086	82151
82086	82153
82086	82155
82086	82156
82086	82158
82086	82159
82086	82163
82086	82166
82086	81143
82086	82169
82086	82170
82086	82171
82086	82172
82086	82173
82086	82175
82086	82176
82086	82177
82086	82179
82086	82180
82086	82181
82086	82185
82086	82187
82086	82192
82086	82196
82086	82198
82086	82200
82086	82202
82086	82208
82086	82209
82086	82210
82086	82212
82086	82213
82086	82214
82086	82216
82086	82219
82086	82221
82086	82223
82086	82224
82086	69938
82086	82227
82086	82231
82086	82232
82086	82233
82086	82234
82086	82238
82086	82239
82086	82240
82086	82243
82086	82249
82086	82250
82086	82253
82086	82254
82086	82255
82086	82256
82086	82259
82086	82262
82086	82268
82086	82269
82086	80734
82086	80357
82086	82274
82086	82276
82086	82278
82086	82279
82086	82280
82086	82285
82086	81266
82086	82294
82086	82298
82086	82300
82086	82301
82086	82303
82086	82304
82086	82307
82086	82309
82086	82310
82086	82312
82086	82313
82086	82315
82086	82316
82086	82321
82086	82322
82086	82327
82086	82329
82086	82330
82086	82333
82086	82335
82086	82336
82086	82337
82086	82339
82086	82340
82086	82341
82086	82345
82086	82347
82086	82348
82086	82349
82086	82351
82086	82352
82086	82353
82086	82354
82086	82355
82086	82357
82086	82358
82086	82359
82086	82360
82086	82362
82086	82364
82086	82365
82086	82366
82086	82367
82086	82368
82086	82370
82086	82372
82086	82373
82086	80851
82086	80344
82086	81380
82086	81381
82086	82226
82086	80382
33766	15612
33768	5547
33768	14474
33768	10256
33768	15764
33768	7703
33768	15768
33768	7705
33768	15774
33768	11297
33768	19878
33768	3753
33768	5291
33768	5301
33768	5559
33768	2876
33768	15805
33768	15813
33768	5578
33768	3403
33768	3405
33768	3918
33768	5327
33768	5596
33768	18145
33768	67260
33768	3309
33768	33778
33768	5496
1002	29168
1002	34425
33771	2518
33774	47936
33774	3351
33776	10250
33777	11297
33777	4642
33777	4163
33777	6052
33777	5351
33777	10410
33777	5287
33777	5552
33777	5905
33777	2930
33777	6040
33777	5530
33777	2975
33777	3292
33777	4666
33777	10047
33778	4642
33778	4666
33778	3351
8992	8793
8992	8795
8992	8796
8992	8797
8992	8799
8992	8800
8992	8803
8992	8804
8992	8805
8992	8808
8992	8809
8992	8812
8992	8813
8992	8814
8992	8815
8992	8816
8992	8817
8992	8818
8992	8820
8992	8826
8992	8829
8992	8833
8992	8834
8992	8835
8992	8837
8992	8838
8992	8841
8992	8843
8992	8844
8992	8845
8992	8847
8992	8848
8992	8850
8992	8855
8992	8856
8992	8859
8992	8861
8992	8865
8992	8866
8992	8869
8992	8870
8992	8871
8992	5359
8992	9042
8992	9043
8992	9044
33783	30432
8681	9059
8681	8965
8681	9009
8681	8648
8681	8969
8681	8496
8681	8376
8681	8764
33785	5905
46591	10208
74749	73620
66558	67493
66558	67240
66558	67308
66558	34506
66558	67244
66558	49009
66558	67350
66558	67351
33794	3271
33795	47936
33795	4666
33795	3351
8572	8496
8572	9059
33800	1552
33802	10759
56636	56595
33807	15612
58384	5205
33815	29168
33815	5560
33815	5905
33815	17255
1051	19606
8764	8969
8764	1128
8764	1135
8764	1149
8764	1150
8764	8376
8764	8388
8764	8399
8764	5359
8764	8440
8764	8453
8764	8966
8764	8468
8764	8471
8764	8480
8764	8494
8764	8496
8764	8499
8764	8534
8764	8546
8764	8557
8764	8573
8764	8649
8764	8655
8764	8657
8764	8660
8764	8661
8764	8663
8764	8665
8764	8667
8764	8670
8764	8682
8764	8683
8764	8685
8764	8686
1056	35470
1061	47936
1061	1063
1061	1593
1062	1548
1062	5293
1062	1586
1062	1336
1062	7644
1063	2048
1063	2049
1063	2050
1063	1539
1063	19464
1063	1548
1063	28687
1063	28688
1063	28689
1063	28690
1063	3075
1063	29205
1063	3932
1063	1066
1063	1067
1063	1582
1063	1586
1063	1078
1063	1079
1063	5302
1063	5190
1063	5191
1063	1608
1063	5195
1063	5197
1063	5198
1063	3165
1063	3169
1063	15458
1063	3173
1063	3174
1063	3176
1063	3178
1063	3694
1063	3695
1063	3697
1063	28691
1063	3701
1063	3702
1063	3703
1063	3704
1063	3706
1063	3707
1063	3709
1063	3204
1063	3205
1063	4755
1063	29333
1063	3354
1063	3230
1063	29343
1063	5280
1063	1185
1063	5282
1063	5283
1063	5284
1063	5285
1063	5286
1063	5287
1063	5288
1063	5289
1063	5290
1063	5291
1063	5292
1063	4269
1063	5294
1063	5295
1063	5296
1063	5297
1063	5298
1063	5299
1063	5300
1063	5301
1063	4278
1063	5303
1063	5304
1063	5305
1063	5306
1063	5307
1063	5308
1063	1213
1063	5310
1063	4213
1063	5312
1063	5313
1063	5314
1063	5315
1063	5316
1063	5317
1063	5318
1063	5319
1063	5320
1063	5321
1063	5322
1063	5323
1063	5324
1063	5325
1063	5326
1063	5327
1063	5328
1063	5309
1063	5330
1063	5331
1063	1236
1063	5333
1063	5345
1063	12514
1063	2939
1063	5348
1063	17639
1063	4334
1063	5293
1063	5332
1063	3324
1063	5379
1063	5380
1063	3845
1063	1798
1063	17161
1063	3850
1063	2827
1063	5311
1063	3862
1063	3863
1063	2842
1063	25376
1063	15650
1063	5329
1063	1323
1063	3215
1063	5422
1063	5423
1063	1334
1063	1336
1063	2886
1063	3127
1063	17740
1063	1360
1063	29018
1063	29019
1063	29020
1063	3425
1063	3432
1063	4969
1063	3303
1063	4973
1063	3443
1063	1399
1063	29332
1063	3451
1063	3454
1063	3455
1063	3457
1063	3463
1063	5281
1063	3466
1063	3468
1063	15766
1063	3480
1063	2978
1063	2980
1063	5543
1063	2482
1063	5279
1063	3008
1063	3015
1063	7114
1063	3019
1063	15825
1063	8374
1063	5097
1063	18413
1063	18417
1063	17914
1063	3583
33833	3298
1066	15458
1066	3303
1066	3298
1066	1079
1066	856
1066	1593
1067	15458
1067	5380
1067	3303
1067	15766
1067	1079
1067	856
1067	1593
1068	3298
1068	914
1068	1079
1068	856
1068	10269
1070	3714
1070	856
1071	856
1071	10269
33840	15458
33840	5380
33840	15766
33840	3303
8371	3228
1076	914
47966	7707
1078	10269
1078	914
1078	856
1078	1593
1079	71211
1079	3716
1079	15766
1079	10250
1079	71205
1079	35600
1079	914
1079	3734
1079	3735
1079	5380
1079	71328
1079	3108
1079	5286
1079	1586
1079	2482
1079	1588
1079	71350
1079	1079
1079	1593
1079	71306
1079	71231
1079	71365
1079	71245
1079	4558
1079	71379
1079	71380
1079	71382
1079	856
1079	7644
1079	4189
1079	3423
1079	5600
1079	4961
1079	15458
1079	71267
1079	3303
1079	3432
1079	71292
1079	71275
1079	3701
1079	5496
1079	4857
1079	71290
1079	15742
33860	3944
8374	1593
8376	8718
8376	8965
8376	8746
8376	8754
8376	8969
8376	8761
8376	8777
8376	8778
8376	8780
8376	8782
8376	8784
8376	8789
8376	1128
8376	1135
8376	1149
8376	1150
8376	3228
8376	8376
8376	8380
8376	8388
8376	8392
8376	8393
8376	8396
8376	8397
8376	8399
8376	8440
8376	8453
8376	8966
8376	8977
8376	8978
8376	8979
8376	8468
8376	8981
8376	8471
8376	8480
8376	8494
8376	8496
8376	9009
8376	8499
8376	8534
8376	8546
8376	9059
8376	8557
8376	8573
8376	5359
8376	8644
8376	8645
8376	8648
8376	8649
8376	8655
8376	8657
8376	8660
8376	8661
8376	8663
8376	8665
8376	8667
8376	8670
8376	8682
8376	8683
8376	8685
8376	8686
8493	8496
8493	9059
9009	8683
9009	8453
9009	8663
9009	8468
9009	8471
9009	1135
9009	8480
9009	8649
9009	8499
9009	8670
9009	8573
9009	8388
9009	8657
9009	8660
9009	8665
9009	8667
9009	1128
9009	8685
9009	8686
9009	5359
9009	8440
9009	1149
9009	1150
9009	8661
33884	3233
33884	82507
33884	3213
33884	17973
33884	37341
33884	3669
33885	17747
58464	35960
9313	30432
9313	15458
9313	14027
9313	15766
9313	3303
9315	3944
9315	5905
9315	3218
69324	3218
69324	3538
1128	9059
1128	8965
1128	8648
1128	8969
8380	8396
8380	3228
8380	8965
9322	30432
1135	8965
1135	8969
1135	3228
1135	8496
1135	8754
1135	8648
1135	8396
1135	9059
8494	9059
8494	8965
8494	8648
8494	8496
8494	8969
4287	3873
4287	4091
1149	8965
1149	8969
1149	3228
1149	8496
1149	8648
1149	8396
1149	9059
1150	9059
1150	8965
1150	8648
1150	8496
28864	4091
52075	67346
15447	3944
82692	17973
8388	9059
8388	8965
8388	8496
8388	8969
8388	3228
8460	8496
8460	9059
17567	28345
17567	28778
17567	28662
1184	30432
1185	1593
1189	17747
1199	10760
1199	5277
8392	8396
8392	8496
8392	9059
8392	3228
8392	8965
1206	30432
8393	8396
8393	8496
8393	9059
8393	8965
1213	10208
1213	3647
1213	1593
1221	11667
1223	1411
8396	8965
8396	8966
8396	8718
8396	9005
8396	8979
8396	8981
8396	3228
8396	8480
8396	8746
8396	8496
8396	8754
8396	8777
8396	9059
8396	8644
8396	8645
8396	8778
8396	8780
8396	8397
8396	8784
8396	8782
8396	8761
859	4467
1230	5287
1230	14027
1230	3213
1230	3704
1230	4573
8397	8966
8397	8496
8397	9059
8397	3228
8397	8965
1233	14312
1233	3213
8737	8496
8737	9059
1236	1593
8399	9059
8399	8965
8399	8966
8399	8648
8399	8969
1246	10759
17635	787
42214	5205
17639	3176
17639	1593
17641	29168
17647	2100
17647	11188
17647	28229
9462	3944
1272	787
8404	8496
8404	9059
1275	10269
17660	10759
1277	10269
20693	19495
1281	10759
46635	3647
1300	856
1302	19606
86233	87155
86233	87108
86233	87158
86233	87110
86233	86989
86233	86991
86233	86994
86233	86867
86233	87156
86233	86869
86233	86870
86233	87159
86233	86872
86233	87157
1306	856
28890	4459
28890	28909
28890	28442
28890	28911
28890	28449
28890	4465
28890	28338
28890	28599
28890	27583
28890	28890
28890	28891
28890	28892
28890	28893
28890	28894
28890	28895
28890	28896
28890	28897
28890	28898
28890	28899
28890	28900
28890	28901
28890	28902
28890	28903
28890	28904
28890	28905
28890	28906
28890	28907
28890	28908
28890	28397
28890	28910
28890	10863
28890	28912
28890	28913
28890	28914
28890	28915
28890	28916
28890	28917
28890	28918
28890	28919
28890	3450
1310	856
1310	10269
1317	856
1318	856
1318	914
1321	10269
1323	1593
1323	3289
1325	856
1328	856
17714	5287
9046	9045
1334	15458
1334	5380
1334	3303
1334	15766
1334	856
1334	1593
1336	3714
1336	19988
1336	10269
1336	1586
1336	2482
1336	4280
1336	1593
1336	914
1336	5198
1336	29520
1336	851
1336	856
1336	15458
1336	3303
1336	8173
1336	4857
86239	3191
1589	856
8416	8496
8416	9059
28897	28449
1352	3231
1354	10208
17740	3213
17740	4467
17740	54260
17740	1593
28898	28449
1360	15458
1360	5380
1360	3303
1360	914
1360	15766
1360	856
1360	1593
54840	53496
17747	3233
17747	3213
17747	52496
17747	17973
17747	78488
17747	3669
1364	18339
1364	28200
1364	8173
1364	40434
1364	1363
1364	4468
1364	28950
1364	40314
54841	53496
1371	3942
1371	3923
1371	40309
1372	29168
1373	34885
1373	26118
1373	7688
1373	4329
1373	17898
1373	67348
1373	1502
1373	1566
1373	29279
1375	15458
1375	3108
1375	3303
1375	3176
1375	3292
1375	5905
1375	11378
1375	2100
1375	3460
1375	4091
1375	2876
1376	856
1377	30432
1377	4091
1377	14508
1377	117
48017	3351
1384	2919
17770	18146
17770	10759
17771	5205
17776	10759
17777	10759
17778	10759
1399	5529
1399	3204
1399	31429
1399	31432
1399	31433
1399	6092
1399	5549
1399	5294
1399	787
1399	3230
1399	2934
1399	3945
1399	2905
1399	1593
1399	3198
1399	31461
8567	8496
8567	9059
17788	30432
8503	8496
8503	9059
1411	1891
1411	26749
1412	787
20716	34767
28909	28449
20718	20681
8504	8496
8504	9059
2971	35470
4413	30432
1609	18146
5777	53496
8778	8965
8439	8496
8439	9059
8440	9059
8440	8965
8440	8966
8440	8648
8440	8969
8440	8496
1492	5504
1492	856
1493	10760
17884	35960
1501	1566
34384	80507
1516	23362
17905	18146
17907	46884
8446	8496
8446	9059
17911	10208
17914	11297
17914	4163
17914	14474
17914	5287
17914	5905
17914	3351
17914	1593
17914	3292
1531	10269
26109	30432
8739	8496
8739	9059
8780	8965
1539	1593
1541	5995
1541	1549
1541	1550
1541	12376
1548	11525
1548	8173
1548	856
1548	1593
1548	7742
1549	12376
1549	5995
1550	5995
1550	12376
1550	2170
1552	2944
1552	6017
1552	3716
1552	15497
1552	3725
1552	3727
1552	7826
1552	4755
1552	5293
1552	27447
1552	6075
1552	28352
1552	3127
1552	851
1552	3927
1552	856
1552	7644
1552	8173
1552	3701
1552	28279
1553	10269
1554	10269
53508	4467
1563	11739
1566	54864
1566	1901
1567	36548
1567	36549
1567	10269
1572	18146
8454	8496
8454	9059
1578	10269
8455	8496
8455	9059
1582	1593
1586	2944
1586	6017
1586	3714
1586	5380
1586	5381
1586	3704
1586	10250
1586	3863
1586	3727
1586	19985
1586	10259
1586	19988
1586	15766
1586	4280
1586	10269
1586	3057
1586	4264
1586	5293
1586	28721
1586	2482
1586	3382
1586	1593
1586	6075
1586	7644
1586	3082
1586	914
1586	18241
1586	3722
1586	4163
1586	29511
1586	5492
1586	3127
1586	5580
1586	3298
1586	4558
1586	5197
1586	3281
1586	3026
1586	3283
1586	3284
1586	5198
1586	3927
1586	856
1586	851
1586	4623
1586	3932
1586	3293
1586	4961
1586	15458
1586	28771
1586	3303
1586	3307
1586	3948
1586	8173
1586	3312
1586	4978
1586	4979
1586	3697
1586	3701
1586	4088
1586	4857
1586	6781
1587	856
17973	6018
17973	3203
17973	80392
17973	3213
17973	3218
17973	3221
17973	3098
17973	3099
17973	35100
17973	30109
17973	30494
17973	4512
17973	3233
17973	5468
17973	82492
17973	3395
17973	4805
17973	80582
17973	77562
17973	6861
17973	27349
17973	19578
17973	80350
17973	40416
17973	12389
17973	5459
17973	11891
17973	10229
17973	14329
17973	12922
17973	34940
17973	30590
1593	2048
1593	2049
1593	2050
1593	19464
1593	28687
1593	28688
1593	28689
1593	28690
1593	3075
1593	29205
1593	3932
1593	5302
1593	5190
1593	5191
1593	1608
1593	5195
1593	5197
1593	5198
1593	3165
1593	3169
1593	15458
1593	3173
1593	3174
1593	3176
1593	3178
1593	3694
1593	3695
1593	3697
1593	28691
1593	3701
1593	3702
1593	3703
1593	3704
1593	3706
1593	3707
1593	3709
1593	3712
1593	3713
1593	3204
1593	3205
1593	4755
1593	29333
1593	3354
1593	3230
1593	29343
1593	5280
1593	5282
1593	5283
1593	5284
1593	5285
1593	5286
1593	5287
1593	5288
1593	5289
1593	5290
1593	5291
1593	5292
1593	4269
1593	5294
1593	5295
1593	5296
1593	5297
1593	5298
1593	5299
1593	5300
1593	5301
1593	4278
1593	5303
1593	5304
1593	5305
1593	5306
1593	5307
1593	5308
1593	5310
1593	4213
1593	5312
1593	5313
1593	5314
1593	5315
1593	5316
1593	5317
1593	5318
1593	5319
1593	5320
1593	5321
1593	5322
1593	5323
1593	5324
1593	5325
1593	5326
1593	5327
1593	5328
1593	5309
1593	5330
1593	5331
1593	5333
1593	5345
1593	12514
1593	2939
1593	5348
1593	4334
1593	5293
1593	5332
1593	3324
1593	5379
1593	3845
1593	1798
1593	17161
1593	3850
1593	2827
1593	5311
1593	3862
1593	3863
1593	2842
1593	25376
1593	15650
1593	5329
1593	3215
1593	5422
1593	5423
1593	2886
1593	3127
1593	29018
1593	29019
1593	29020
1593	3425
1593	3432
1593	4969
1593	3303
1593	4973
1593	3443
1593	29332
1593	3451
1593	3454
1593	3455
1593	3457
1593	3463
1593	5281
1593	3466
1593	3468
1593	3480
1593	2978
1593	2980
1593	18417
1593	2482
1593	5279
1593	3008
1593	3015
1593	7114
1593	3019
1593	15825
1593	5097
1593	5543
1593	18413
1593	3057
1593	3583
1601	18146
1601	45580
20748	21149
20748	21150
20748	21063
1610	45580
1611	18146
1612	18146
1612	3559
1612	6092
1612	34425
8685	9059
8685	8965
8685	8648
8685	8969
8685	8496
9814	30432
8463	8969
34396	29168
9823	4642
9823	4666
34402	27547
34402	5287
33061	5205
34406	34767
34408	4091
8467	8496
8467	9059
34421	3647
34425	10208
34425	5632
34425	5411
34425	5166
34425	29174
34425	46589
34425	3647
8469	8496
8469	9059
54460	54437
8512	8496
8512	9059
8740	8496
8740	9059
9888	10759
8475	8496
8475	9059
67236	67265
67236	48820
67236	18197
8476	8496
8476	9059
67243	67308
34478	3213
8477	8496
8477	9059
9906	3289
9906	15754
59059	2876
59061	2876
9910	29168
59064	2876
59066	2876
8479	8496
8479	9059
67261	67339
9920	3213
8480	8965
8480	8969
8480	8496
8480	8648
8480	9059
67271	67265
67271	48820
67271	18197
34506	15754
34506	2876
87083	856
8483	8496
8483	9059
26325	10208
26325	45580
26325	3647
9942	35960
9942	36598
34522	5580
18145	4666
18146	5632
18146	3075
18146	3079
18146	4232
18146	4233
18146	3471
18146	3605
18146	5275
18146	3740
18146	3418
18146	7472
18146	5411
18146	4252
18146	5166
18146	46877
18146	5168
18146	5299
18146	4663
18146	5177
18146	3647
18146	5446
18146	29130
18146	29135
18146	5456
18146	6648
18146	3412
18146	5461
18146	10199
18146	7915
18146	14298
18146	18146
18146	4579
18146	47206
18146	3559
18146	5355
18146	7919
18146	4336
18146	5492
18146	5493
18146	29174
18146	29176
18146	18425
18146	18426
18146	46589
18146	5630
8515	8496
8515	9059
44584	3015
9971	30432
34553	3298
34553	5580
8490	8496
8490	9059
9982	5560
26367	10759
9989	5580
1798	10208
1798	10759
8468	9059
8468	8965
8468	8648
8468	8969
8468	8496
67346	18197
67346	67354
67346	66480
67346	67370
67346	67371
67346	67372
67346	67373
67346	67374
67346	67375
67346	67376
67346	67377
67346	67378
67346	67379
67346	48820
67346	67381
67346	67382
67346	67383
67346	67384
67346	67380
67346	67386
67346	67387
67346	67388
67346	67389
67346	67390
67346	67391
67346	67392
67346	67393
67346	67394
67346	67395
67346	67396
67346	67397
67346	67398
67346	67399
67346	67400
67346	67401
67346	67402
67346	67403
67346	67404
67346	5334
67346	67385
18197	5579
18197	4666
18197	15612
1819	29168
1819	5447
1819	3015
1819	19888
1819	15698
1819	19606
1819	36184
1819	3903
67357	3289
1823	29168
8497	8496
8497	9059
26408	26409
26408	26410
26411	21098
26411	20901
26411	22015
8499	9059
8499	8965
8499	8648
8499	8969
10038	2876
34616	1363
10047	6040
10047	2930
10047	3298
18241	15458
18241	5380
18241	3303
18241	15766
1867	78880
1867	11681
1867	78210
1867	15016
34651	34652
67421	5380
67421	15766
34656	30432
34657	30432
34658	30432
1894	10759
1901	7688
1901	29282
1901	29301
1901	54382
67439	15768
34672	5560
34672	17255
33070	5037
67449	5380
67449	15766
3337	3213
42878	10759
34687	2170
34691	34692
32910	5205
54935	53496
54936	53496
1947	1952
1947	1948
1947	1949
1947	1950
1947	1951
1953	28662
18339	27547
1956	3298
1959	10760
1964	8496
1964	9059
8520	8496
8520	9059
10171	3647
8742	8496
8742	9059
54944	53496
8523	8496
8523	9059
10180	5163
10181	3647
34761	29168
34762	29168
34762	19606
10187	4091
10187	4468
10187	11378
10189	3713
10189	32087
10189	5507
10189	3460
10189	47947
10189	3351
10189	4666
10189	44669
34767	5539
34767	13348
34767	5905
34767	19097
34767	14508
34767	29483
34767	34770
34767	3214
34767	34768
34767	34769
34767	14514
34767	20724
34767	3032
34767	15449
34767	5468
34767	2261
34771	4573
2004	10269
10202	3213
10205	3647
59359	63842
59359	63701
10208	11534
10208	46870
10208	46871
10208	5281
10208	5422
10208	3647
10208	29130
10208	29135
10208	10973
10208	6625
10208	5483
10208	46572
10211	3108
10211	5438
36184	19606
18405	3433
18405	4666
2023	11297
2023	14474
2023	5905
2023	4163
2024	5609
2024	63284
2024	9045
2024	32889
2024	3228
67568	5609
10225	40689
10229	3233
10229	3669
67583	4666
67583	3271
2048	3647
18436	15458
18436	5380
18436	3298
18436	15766
18436	3303
10245	6040
10245	10410
10247	3351
10248	3351
10249	3713
10249	44669
10249	3351
10250	5380
10250	3592
10250	14474
10250	3468
10250	15757
10250	15766
10250	6040
10250	11297
10250	48936
10250	29755
10250	2878
10250	5315
10250	3298
10250	5326
10250	5328
10250	15458
10250	3303
56610	56595
10254	6040
54957	53496
10256	15810
10256	15612
10256	5596
2065	2066
2065	2067
2065	2068
2065	2069
2065	2070
2065	2264
2065	10269
10260	35168
10260	27547
8537	8496
8537	9059
2073	8496
2073	9059
10269	28723
10269	28937
10269	28940
10269	2093
10269	14489
10269	4641
10269	5412
10269	5671
10269	87080
10269	2611
10269	2615
10269	5033
10269	4290
10269	2249
10269	10444
10269	2638
10269	20689
10269	4822
10269	2397
10269	29353
10269	19562
10269	5616
10269	2289
10269	87079
10269	36548
10269	7670
10269	19575
10269	77432
10269	2172
10269	2174
10269	52607
8539	8496
8539	9059
3669	3203
3669	77579
3669	3213
3669	52496
3669	3218
3669	3221
3669	3098
3669	3099
3669	35100
3669	3233
3669	37340
3669	31802
3669	4805
3669	37321
3669	81884
3669	15953
3669	80337
3669	27349
3669	12376
3669	37341
3669	37342
3669	3424
3669	4196
3669	27365
3669	4794
3669	34940
3669	3050
3669	3669
3669	5459
3669	3575
3669	19578
3669	19452
3669	7421
3669	28309
2096	10759
3080	2842
2098	35960
2100	3026
2100	4468
2100	117
2100	40283
2100	40222
2103	3176
2103	4091
2103	117
59448	6040
2105	36548
2106	11667
2106	10759
67643	35470
67644	35470
67645	35470
67646	35470
67647	35470
67648	35470
26689	20944
26689	26691
67650	35470
26691	24168
67654	35470
67655	63284
67656	63284
2122	20901
34891	3213
34891	80295
8546	9059
8546	8965
8546	8648
8546	8496
8743	8496
8743	9059
34903	5580
8549	8496
8549	9059
34916	30432
34917	30432
34918	30432
34920	30432
34921	30432
34922	30432
34923	30432
10351	3213
8525	8496
8525	9059
2169	856
2170	86945
2170	35071
34946	34947
34946	34948
34946	34949
34946	34950
34946	34951
34946	34952
34946	34953
34946	34954
34955	3944
34955	4642
34956	5287
8557	9059
8557	8965
8557	8648
8557	8496
8557	8969
10389	5205
67734	4642
8559	8496
8559	9059
10404	63284
10410	3298
10410	5380
10410	3303
10410	15458
10410	2930
10410	15766
10410	6040
8530	8496
8530	9059
45426	54120
45426	5205
35001	5560
35001	17255
35002	5560
35002	17255
35003	5560
35003	15458
35003	3303
35003	3298
35003	17255
14027	27547
14027	5287
14027	4072
14027	14026
14027	442
14027	27455
2259	787
2259	6092
2262	11680
2262	20676
2262	20677
2262	10759
2262	15016
2262	20681
2262	20682
2262	4503
2262	5688
2262	4507
2262	5277
8569	8496
8569	9059
5531	3944
10468	32889
10468	63284
10468	5609
8532	8496
8532	9059
8573	9059
8573	8965
8573	8966
8573	8648
8573	8969
8573	8496
2289	28662
35071	5287
35072	5287
35077	11773
2316	10759
35100	3233
2340	53496
72755	80507
393	4467
2366	856
2366	28345
2366	28778
2366	28662
35135	3289
8535	8496
8535	9059
35144	10759
2378	20681
34530	30432
46819	46574
2390	19495
80953	80507
46820	46574
35163	27479
8732	8496
8732	9059
8472	8496
8472	9059
10596	80507
35186	5580
35188	27547
35189	27547
54461	54437
80959	80507
8745	8496
8745	9059
35207	15458
35207	5380
35207	3303
8599	3228
80964	80507
29082	36549
80965	80507
69248	5205
35240	15458
35240	3303
2475	11378
2482	15458
2482	4857
2482	3303
35251	5905
46836	46574
2495	30432
80971	80507
10702	14873
80974	80507
2518	56704
2518	56705
2518	56706
2518	3563
2518	3612
2518	3624
2518	40879
2518	3147
2518	3013
2518	2886
2518	3530
2518	3659
2518	3149
2518	3021
2518	38234
2518	5218
2518	5220
2518	3448
2518	3454
2518	56703
10715	11667
80976	80507
80977	80507
60642	60641
60642	81783
80979	80507
80980	80507
2556	30432
2556	27547
40021	35960
40021	36598
10756	32889
10756	63284
10756	5609
10759	5632
10759	23041
10759	78850
10759	21507
10759	78849
10759	13320
10759	11785
10759	4787
10759	5688
10759	4667
10759	5211
10759	6756
10759	4215
10759	3141
10759	2701
10759	4250
10759	4252
10759	5277
10759	14515
10759	14518
10759	20683
10759	4309
10759	4314
10759	14555
10759	32519
10759	28941
10759	5411
10759	35623
10759	36653
10759	7498
10759	5178
10759	5179
10759	32661
10759	4506
10759	4508
10759	11679
10759	11680
10759	1955
10759	78848
10759	3021
10759	14298
10759	5630
10759	29174
10759	78847
10759	23036
10759	78846
10759	5631
10760	7682
10760	5277
10760	4508
10760	5688
10760	5690
10760	4288
10760	4314
10760	20965
10760	5358
8621	63284
80984	80507
15449	30432
80986	80507
80987	80507
11816	11667
72796	3013
434	11739
80989	80507
80990	80507
10808	68262
80991	80507
80992	80507
72802	3013
80995	80507
2645	3600
80996	80507
442	3213
442	5287
80998	80507
10855	11739
80999	80507
81000	80507
81001	80507
8639	3228
8639	3108
8639	3647
67349	15458
67349	5380
67349	15766
67349	3303
81003	80507
81004	80507
35470	7813
35470	67651
35470	15526
35470	5033
35470	17087
35470	67649
35470	5315
35470	67652
35470	4812
35470	4570
35470	29917
35470	23739
35470	52581
35470	5490
35470	12921
35470	5370
35470	29183
81005	80507
81006	80507
81007	80507
8645	8496
8645	9059
8645	3228
8645	8965
81008	80507
68262	14634
35498	3298
8747	8496
8747	9059
8648	8683
8648	8453
8648	8663
8648	8471
8648	5359
8648	8965
8648	8649
8648	8667
8648	8670
8648	8657
8648	8660
8648	8534
8648	8665
8648	8655
8648	8682
8648	8686
8648	8661
81011	80507
457	3213
457	4091
4554	3213
40226	5995
3191	4091
10185	4467
27349	3233
81017	80507
8655	9059
8655	8965
8655	8966
8655	8969
19169	3289
81019	80507
27365	3233
8657	9059
8657	8965
8657	8966
8657	8969
81020	80507
19187	3944
8660	9059
8660	8965
8660	8966
8660	8969
469	30432
8550	8496
8550	9059
81025	80507
35597	15458
35597	5380
35597	3303
35598	15458
35598	3298
35598	3303
35599	15458
35599	3303
35600	15458
35600	3303
35600	3298
8665	9059
8665	8965
8665	8966
8665	8969
8665	8496
2842	56225
2842	5316
2842	56233
2842	56209
2842	32655
2842	4703
2846	3647
2850	4163
37340	80337
37340	37341
81031	80507
2863	11378
2866	3351
8670	9059
8670	8965
8670	8969
63284	5611
63284	32902
63284	55974
63284	22953
63284	29878
63284	31812
63284	67657
63284	35146
63284	11367
63284	5609
63284	35431
2876	47233
2876	3592
2876	3465
2876	15501
2876	3471
2876	6039
2876	5529
2876	6042
2876	15774
2876	6048
2876	11297
2876	6054
2876	5172
2876	2878
2876	5301
2876	3527
2876	6095
2876	6096
2876	5603
2876	3944
2876	2934
2878	11297
2878	15810
2878	3592
2878	4110
2878	3944
2878	3292
2878	6040
2878	15612
2878	14474
27467	3298
19276	36598
2893	4666
2893	3231
81037	80507
81336	81336
8553	8496
8553	9059
2919	5641
2919	29227
2930	6052
2930	6040
2930	5530
81043	80507
2934	3592
2935	15458
2935	3303
2939	3176
8682	9059
8682	8965
8682	8969
8683	9059
8683	8965
8683	8969
8683	8496
2958	15458
2958	5510
2958	3303
2958	3271
2958	4642
2958	15766
2958	3351
11151	48208
11151	73596
11151	73555
11151	5988
11151	74715
8686	8965
8686	8969
2966	5905
81049	80507
27547	4468
27547	4589
27547	4722
27547	1363
27547	20054
2978	15458
2978	5380
2978	3303
2978	15766
2978	6040
2978	5438
2979	4642
2979	4666
2979	15813
2979	3231
497	45580
2986	3432
2986	3433
2986	3351
2988	3944
499	856
81055	80507
27580	3298
3006	4091
27583	4459
3013	72790
3013	72806
3013	50115
3013	5190
3013	72782
3013	72783
3013	72788
3013	72789
3013	72791
3013	72792
3013	72793
3013	72794
3013	72795
3013	72797
3013	72798
3013	72799
3013	72800
3013	72801
3013	72803
3013	72804
3013	72805
3013	72807
3013	72808
3013	72809
3013	72811
3013	72812
3013	72815
3013	72816
3013	72819
3013	72825
3013	72826
3013	72827
3014	58809
3014	5438
3015	5988
3015	44615
3015	19569
3015	19606
3019	14474
19406	35960
19406	36598
3026	15458
3026	5380
3026	3303
3026	3298
3026	11378
3026	15766
81059	80507
3029	11378
3029	4091
3029	117
19420	5287
8698	8496
8698	9059
81061	80507
10194	6040
81062	80507
8700	8496
8700	9059
3050	3233
81063	80507
8471	9059
8471	8965
8471	8969
8471	8496
8701	8496
8701	9059
3057	3283
54931	53496
19452	3233
3075	15458
3075	5380
3075	3303
3075	15766
19464	5438
8706	8496
8706	9059
8707	8496
8707	9059
19480	11739
3098	3233
3098	3218
3099	3218
11297	3592
11297	5292
11297	15757
11297	15759
11297	6040
11297	15768
11297	5529
11297	11297
11297	6054
11297	5548
11297	6587
11297	5328
11297	4696
11297	5603
11297	5604
11297	3309
3108	48168
3108	47939
3108	5438
8710	8496
8710	9059
19494	5287
19495	78311
19495	20679
19495	78224
8711	8496
8711	9059
3117	17673
3117	4458
3117	20054
3117	4091
3122	19606
3127	3283
3133	3647
3133	5275
3133	29135
8716	8496
8716	9059
8717	8496
8717	9059
36628	36478
8718	8496
8718	9059
8718	8965
3174	3176
3176	37632
3176	37633
3176	37640
3176	3854
3176	3856
3176	3860
3176	37590
3176	37591
3176	37593
3176	29019
3176	37601
3176	3323
3176	3178
3176	3179
3176	37617
3176	3324
3180	7972
19569	19606
11378	3298
11378	3885
11378	3945
11378	3722
11378	4163
11378	3714
11378	3923
11378	3909
11378	3941
11378	4091
11378	3882
8723	8496
8723	9059
35960	22019
35960	17156
35960	3468
35960	29983
35960	7461
35960	48936
35960	13358
35960	4787
35960	14515
35960	32084
35960	37852
35960	3296
35960	36598
8724	8496
8724	9059
19578	3233
19579	3213
12821	19794
3203	3233
3203	3218
3203	3213
3205	15458
3205	5380
3205	3303
3205	15766
3205	5438
19593	3298
8563	8496
8563	9059
3213	14873
3213	45599
3213	15916
3213	45101
3213	6707
3213	12855
3213	78909
3213	80454
3213	81249
3213	15953
3213	12376
3213	80479
3213	80487
3213	80494
3213	787
3213	80502
3213	34940
3213	80514
3213	3213
3213	3221
3213	3233
3213	80548
3213	80553
3213	80559
3213	80568
3213	4794
3213	80575
3213	28355
3213	4805
3213	4304
3213	20724
3213	7421
3213	80428
3213	29450
3213	11907
3213	15126
3213	3395
3213	7498
3213	15724
3213	5487
3213	3218
3213	3472
3213	30109
3213	5543
3213	3485
3213	80315
3213	80317
3213	80331
3213	80334
3213	80335
3213	80337
3213	37341
3213	80351
3213	40416
3213	80356
3213	81894
3213	80361
3213	5459
3213	32758
3215	3228
3218	3424
3218	40398
3219	3944
3221	3233
19606	45042
19606	3874
19606	14472
19606	5447
19606	6791
19606	19888
19606	15698
19606	39112
19606	5598
19606	3903
3228	3678
3228	8335
3228	8339
3228	8340
3228	8345
3228	3228
3228	8381
3228	5339
3228	8965
3228	9045
3228	5988
3228	8052
3228	3471
3228	8642
3228	8644
3228	8141
3228	6627
3228	7659
8730	8496
8730	9059
3230	3231
3231	5380
3231	5905
3231	15766
3231	4642
3231	3885
3231	5294
3231	4666
3231	15813
3231	3271
3231	17119
3231	5345
3231	15458
3231	3303
3231	3944
3231	5501
3233	52496
3233	15126
3233	3233
3233	77478
3233	81884
3233	20022
3233	4805
3233	37321
3233	15953
3233	80762
3233	4196
3233	5459
3233	3575
3233	80763
3233	34940
3233	7421
3233	28309
8564	8496
8564	9059
3271	5547
3271	4642
3271	15813
3271	5512
3271	5291
3271	5298
3271	5554
3271	5905
3271	3737
3271	3481
3271	3292
8734	8496
8734	9059
8736	8496
8736	9059
19660	20681
36046	66085
3281	19794
3283	15458
3283	3303
3283	3298
3283	5519
3283	19794
3284	15458
3284	5380
3284	3303
3284	17255
3284	5580
3284	5552
3284	5905
3284	15766
3284	5560
3284	3292
3287	3298
3289	40427
3289	17156
3289	15757
3289	15758
3289	15759
3289	4632
3289	15766
3289	15768
3289	5380
3289	15774
3289	15775
3289	15785
3289	5552
3289	15794
3289	5558
3289	5309
3289	5310
3289	15808
3289	32583
3289	15820
3289	3289
3289	3292
3289	5342
3289	15458
3289	45051
3289	3303
3289	29163
3289	5485
3289	3707
3289	15742
3292	5380
3292	5381
3292	5512
3292	5548
3292	14474
3292	5527
3292	14480
3292	4696
3292	53395
3292	33685
3292	15766
3292	15768
3292	5529
3292	5024
3292	3697
3292	15785
3292	5191
3292	5292
3292	5293
3292	7471
3292	8129
3292	4163
3292	5195
3292	5580
3292	8177
3292	5328
3292	12514
3292	5526
3292	5905
3292	5287
3292	5604
3292	28279
3293	15458
3293	5380
3293	3303
3293	15766
3297	5580
3298	7698
3298	28691
3298	7701
3298	4163
3298	5191
3298	5197
3298	4696
3298	15458
3298	3701
3298	3714
3298	3722
3298	3863
3298	3734
3298	3735
3298	7838
3298	12451
3298	5293
3298	5331
3298	12514
3298	3303
3298	3307
3298	4334
3298	5380
3298	3850
3298	7458
3298	17199
3298	3382
3298	3932
3298	864
3298	5986
3298	5987
3298	3944
3298	15742
3298	5503
3298	5510
3298	15759
3298	15766
3298	5527
3298	5534
3298	15811
3298	4857
3298	4558
3298	15523
3298	40405
3298	40406
3298	40407
3298	40408
3298	40409
3298	40410
3298	5600
8478	8496
8478	9059
3303	4623
3303	3600
3303	19985
3303	28691
3303	5380
3303	5381
3303	32291
3303	4143
3303	4163
3303	5526
3303	5191
3303	5193
3303	5197
3303	3885
3303	4696
3303	3678
3303	15458
3303	3697
3303	3701
3303	28279
3303	12921
3303	3707
3303	3714
3303	14474
3303	3863
3303	4755
3303	29332
3303	3734
3303	3735
3303	7838
3303	5286
3303	5287
3303	5289
3303	5292
3303	5293
3303	5295
3303	5298
3303	4979
3303	4278
3303	7644
3303	5309
3303	5310
3303	5311
3303	5312
3303	5315
3303	5319
3303	5580
3303	3703
3303	5324
3303	12513
3303	3303
3303	3307
3303	4334
3303	4857
3303	29434
3303	4861
3303	5163
3303	17156
3303	3845
3303	17161
3303	3850
3303	15669
3303	17209
3303	3983
3303	3382
3303	3918
3303	3931
3303	5472
3303	4961
3303	45923
3303	3942
3303	3944
3303	3945
3303	5485
3303	5519
3303	15742
3303	5503
3303	6017
3303	3990
3303	5510
3303	15759
3303	15766
3303	5527
3303	15768
3303	5532
3303	5534
3303	5547
3303	28588
3303	15791
3303	5558
3303	15805
3303	15813
3303	15817
3303	15820
3303	40406
3303	5596
3303	4065
3303	5603
3303	5604
3303	4585
3303	4178
3303	3923
3307	15458
3307	3714
3309	4163
3309	5604
3309	5287
3309	14474
3309	5552
3309	5905
3309	4666
3312	3944
8744	8496
8744	9059
3322	5163
8746	8496
8746	9059
8746	8965
11520	29168
11520	14474
11529	40212
52496	5459
52496	15126
8750	8496
8750	9059
3351	3713
3351	3460
3351	3670
3351	5510
3351	15501
3351	5507
3351	48148
3351	3734
3351	7705
3351	7707
3351	3868
3351	5534
3351	4642
3351	48168
3351	5163
3351	3372
3351	47965
3351	7091
3351	7838
3351	47931
3351	47932
3351	5547
3351	47934
3351	47936
3351	5313
3351	47938
3351	47939
3351	5321
3351	47947
3351	47948
3351	3918
3351	48013
3351	3408
3351	47950
3351	4110
3351	17238
3351	32087
3351	3544
3351	5988
3351	47962
3351	45050
3351	47953
3351	47952
3351	3431
3351	3432
3351	3433
3351	47978
3351	5442
3351	44669
3351	47988
3351	47993
3351	10365
3351	5333
8568	8496
8568	9059
3372	4666
8754	8496
8754	9059
8754	8965
8755	8496
8755	9059
3382	5380
3382	15458
3382	3714
3385	30432
3395	4091
8758	8496
8758	9059
3401	4666
19786	19794
3405	4666
19790	19794
86985	86969
19792	19794
19794	45699
19794	5527
19794	45727
19794	29480
19794	45683
19794	3656
19794	20430
19794	19796
19794	19798
19794	19800
19794	5600
19794	45681
19794	45682
19794	45685
19794	29396
19794	45717
3412	5905
8761	8496
8761	9059
8761	8965
3423	3713
3430	5410
3431	47936
3432	47936
3443	5320
3447	5438
11642	11648
11642	11649
11642	11650
11642	11651
11642	11652
11642	11653
11642	11654
11642	11655
11642	11656
11642	11657
11642	11658
11642	11659
11642	11660
11642	11661
11642	11662
11642	11663
11642	11664
11642	11665
11642	11643
11642	11644
11642	11645
11642	11646
11642	11647
3474	4459
11667	11776
11667	11713
11667	11842
11667	11748
11667	11814
11667	11815
11667	11788
11667	11730
11667	11760
11667	11698
11667	11859
11667	11830
11667	11834
11667	11805
54470	54437
3479	5438
3481	47936
3481	4642
3481	3944
3481	5287
3481	5905
3481	4666
8752	8496
8752	9059
11679	11680
11679	4250
11680	15016
11680	20681
11680	11673
11680	4250
11680	78810
19878	4642
19878	4666
29255	4459
4680	3944
4680	4642
8777	8965
787	138
787	787
787	7463
787	5290
787	29124
787	29128
787	4564
787	4309
787	3695
787	4594
787	6006
8534	9059
8534	8965
8534	8969
8534	8496
82507	78909
8782	8965
3544	5320
3544	5163
11739	40352
11739	40353
11739	40354
11739	40363
11739	40582
11739	40358
11739	40584
11739	14313
11739	40583
11739	40585
11739	4572
54768	53496
8784	8965
3559	12372
3559	3647
3563	56582
3563	56721
3563	56594
3563	56595
3563	56697
80985	80507
3587	5380
3587	15741
3587	15766
27520	5580
3592	5603
3592	6054
3592	3944
3592	6040
3592	14474
3600	15458
3600	2117
3600	28215
19985	15458
19985	5380
19985	15766
3605	3647
28196	40601
28196	40158
77365	80507
28215	2117
28215	3704
28215	20440
4703	30432
4703	5287
3647	5632
3647	6777
3647	45580
3647	46605
3647	3471
3647	8342
3647	46873
3647	6703
3647	46620
3647	46661
3647	7472
3647	5275
3647	5469
3647	46640
3647	6839
3647	46652
3647	29130
3647	29135
3647	46585
3647	29656
3647	5211
3647	4579
3647	29546
3647	46574
3647	3697
3647	46578
3647	46579
3647	4598
3647	29176
3647	46570
20045	5287
3665	30432
37476	5316
3678	5380
3678	15458
3678	15766
28268	4459
3695	4091
36464	36478
3697	15458
3697	5380
3697	14474
3697	5905
3697	15766
3697	5287
3701	15458
3701	5380
3701	15766
3701	7458
28279	29168
28279	15458
28279	17255
28279	5560
28279	5905
28279	5552
28279	3704
11897	30432
3707	15458
3707	5380
3707	15766
44669	5507
44669	32086
44669	32087
36478	36483
36478	36614
36478	36615
36478	36616
36478	36617
36478	36618
36478	36619
36478	36620
36478	36621
36478	36622
36478	36623
36478	36624
36478	36625
36478	36626
36478	36627
36478	36629
36478	36630
36478	33458
36478	36530
36478	36540
36478	36552
36478	36553
36478	36554
36478	36555
36478	36556
36478	36557
36478	36558
36478	36560
36478	36753
36478	36754
56597	56595
3713	47936
3713	3734
3713	32087
3714	15458
3714	3722
3714	5197
3714	4857
3714	4091
3716	6040
3720	5320
3722	3923
3734	15458
3734	5380
3734	32087
3734	5534
3735	15458
3735	5380
3737	4642
28315	851
3742	3433
3753	4666
28331	87016
28331	86258
28335	5005
28335	40807
40222	12513
40222	4163
28345	28672
28345	28673
28345	28674
28345	28675
28345	28676
28345	28677
28345	28680
28345	28681
28345	28682
28345	28684
28345	13366
28345	28364
28345	28778
28345	28779
28345	28780
28345	4465
28345	28663
28345	28665
28345	28668
28345	28669
28345	28670
28345	28671
28352	5783
36548	36549
36548	36589
36549	29868
36549	29869
36549	36600
36552	36552
36552	36553
36552	36554
36552	36555
36552	36556
36552	36557
36552	36558
36552	36530
28364	28778
28364	28662
56612	56595
28381	29168
28381	4459
8536	8496
8536	9059
56615	56595
28397	28449
28400	15766
28404	856
36598	17156
36598	3468
36598	781
36598	13358
36598	29679
36598	14515
36598	32084
36598	29983
3845	15458
3845	5380
3845	29168
3845	15766
3850	15458
3850	4163
3850	5380
3850	14474
3850	5905
3850	15766
28435	40384
28435	40385
28435	40386
28435	40387
28435	5805
28435	23854
28435	5005
28435	5392
28435	40376
28435	20697
28435	40378
28435	40379
28435	40382
28435	40383
3860	5905
3860	4163
3862	29168
3863	15458
3863	5905
28442	28449
3868	47936
3868	4666
3868	7707
3870	5380
3871	5552
28449	28930
28449	28907
28449	28891
28449	28893
28449	28894
28449	28896
28449	28903
28449	28904
28449	28905
28449	28906
28449	4459
28449	28910
28449	28913
28449	29042
28449	28919
3874	29168
3876	29168
3882	4091
3885	15458
3885	5547
3885	5291
3885	3918
3885	5905
3885	4091
3894	4666
36666	36667
36667	5988
63688	6040
56596	56595
3917	29168
3918	15458
3918	5380
3918	5510
3918	15766
3918	4666
3918	7707
3923	15458
3923	4091
3923	5380
3923	6018
3923	15766
3923	5240
3923	8381
28504	3704
3931	4091
3932	4213
3941	4091
3942	15458
3942	4467
3944	5547
3944	5380
3944	5292
3944	14474
3944	3983
3944	7829
3944	15766
3944	5529
3944	5532
3944	4642
3944	5287
3944	5291
3944	5602
3944	29755
3944	15813
3944	5328
3944	5329
3944	5472
3944	15458
3944	5604
3944	17255
3944	4178
3944	7666
3944	3957
3945	4091
3945	15458
3950	4091
3951	29168
3957	4642
5588	5905
5588	5580
53133	15766
3983	15458
3983	5604
3983	4642
3983	15768
3983	15774
3990	5905
3990	15458
33685	5905
28581	40807
28588	15458
28599	4459
56650	56595
3403	4666
4041	5560
4041	17255
56653	56595
3408	4666
56655	56595
4065	6040
4065	15458
4070	4091
4072	5287
56658	56595
45043	46306
8756	8496
8756	9059
28662	28672
28662	28673
28662	28674
28662	28675
28662	28676
28662	28677
28662	28678
28662	28679
28662	28680
28662	28681
28662	28682
28662	28683
28662	28684
28662	4465
28662	13366
28662	4191
28662	28663
28662	28664
28662	28665
28662	28666
28662	28667
28662	28668
28662	28669
28662	28670
28662	28671
28663	28778
4088	4091
28665	28778
28668	28778
28669	28778
28670	28778
28671	28778
28672	28778
28673	28778
28674	28778
28675	28778
28676	28778
28677	28778
28680	28778
28681	28778
28682	28778
28684	28778
4110	5905
4110	4642
28688	14474
28691	15458
28691	5380
28691	15766
56667	56595
4138	30432
4138	4091
4143	15458
4143	5380
4143	15766
4143	4091
138	6092
4163	5380
4163	14474
4163	5905
4163	15766
4163	5529
4163	5287
4163	5548
4163	4696
4163	15458
4163	4091
17080	45580
4178	15458
4178	4642
12376	5995
12376	5580
12376	5198
28778	13366
28778	28778
28778	28779
28778	28780
28778	4465
56606	56595
4220	5905
4220	5287
63695	6040
12431	4091
4250	15016
54748	53496
12451	5380
56689	56595
56691	56595
4277	29168
4277	6040
4278	15458
4278	5380
4278	15766
4280	28310
20671	20681
20676	20681
20677	20681
20681	15016
20681	20682
20681	20717
20681	5277
20681	14902
20681	4503
20681	5688
20681	4507
4309	6092
12513	15458
12513	5380
12513	15766
4334	15458
53496	54293
53496	54297
53496	54298
53496	54299
53496	54300
53496	54301
53496	54302
53496	54305
53496	54308
53496	54312
53496	54315
53496	54316
53496	54317
53496	54837
53496	54838
53496	54845
53496	54854
53496	54855
53496	54856
53496	54925
53496	54926
53496	54927
53496	54928
53496	54929
53496	54930
53496	54932
53496	54933
53496	54934
53496	54937
53496	53914
53496	54939
53496	54940
53496	54941
53496	54942
53496	54943
53496	54945
53496	54946
53496	54947
53496	54948
53496	54949
53496	54950
53496	54951
53496	54952
53496	54953
53496	54954
53496	54955
53496	54956
53496	54958
53496	54938
53496	54714
53496	54720
53496	54721
53496	54722
53496	54724
53496	54725
53496	54727
53496	54735
53496	54740
53496	54742
53496	54744
53496	54749
53496	54751
53496	54756
53496	54757
53496	54758
53496	54759
53496	54760
53496	54763
53496	54764
53496	54773
53496	54774
53496	54775
3455	5320
7552	4091
86287	86969
86288	86955
3460	47936
28965	40689
8649	9059
8649	8965
8649	8966
17119	4666
3466	47936
56613	56595
29003	947
4428	5380
4428	15766
3469	5438
4459	3458
4459	5379
4459	4465
4459	13621
4467	3604
29051	4091
8486	8496
8486	9059
4506	5277
4508	4508
2117	40312
2117	4091
20901	21098
20901	22015
20903	20905
8759	8496
8759	9059
29130	45580
29130	4794
20944	24168
37341	4805
37341	81064
37341	15916
37341	80337
37341	5459
37342	80337
29158	5560
29158	17255
4585	15458
4585	5380
4585	15766
4589	30432
29168	14466
29168	14469
29168	14472
29168	13359
29168	29755
29168	5309
29168	5472
29168	5328
29168	5604
29168	5478
29168	5493
29168	3704
29176	46894
45580	5169
45580	47089
45580	5452
45580	6703
45580	4560
45580	4625
45580	4598
45580	6839
45580	5465
4623	15458
56620	56595
17156	15458
17156	5380
17156	15766
4642	5547
4642	5532
4642	7838
4642	5282
4642	5291
4642	5554
4642	48943
4642	48944
4642	48945
4642	5298
4642	48947
4642	4666
4642	15805
4642	15813
4642	5578
4642	7666
4642	4056
4642	5604
4642	17255
8966	8453
8966	8663
8966	21460
8966	21461
8966	9058
8966	8661
29224	30432
12855	81782
4666	3670
4666	5292
4666	14474
4666	5485
4666	7703
4666	15768
4666	7707
4666	7838
4666	5291
4666	48943
4666	5547
4666	7708
4666	47936
4666	15813
4666	4678
4666	5601
4666	5578
4666	15825
4666	47956
4666	17238
4666	5604
4666	3750
4666	7705
4666	5501
29249	5783
29265	40689
56622	56595
4696	15458
4696	5380
4696	5287
4696	5552
4696	5905
4696	15766
23995	14680
18433	5287
21098	22015
34919	30432
7613	56595
12921	15458
29323	3704
29324	3704
15810	5328
15810	5604
15810	5292
15810	15612
29329	5380
29329	15766
4755	15458
4755	17255
4755	5560
29332	15458
29333	5438
4778	5320
29364	3704
37565	5380
37565	15766
3433	47936
3433	48167
3433	47948
3433	47955
54444	54437
805	961
34940	62787
2173	40413
4857	5380
4857	15458
4857	15766
29434	15458
4861	15458
4861	5380
4861	15766
9003	8969
9005	8965
8434	8496
8434	9059
8741	8496
8741	9059
56629	56595
982	40564
982	40795
80994	80507
54448	54437
56662	56595
17209	15458
17209	5380
17209	15766
54112	54120
4961	15458
4961	5380
4961	15766
45923	15458
54120	54145
54120	67565
54120	5205
54120	74718
54120	29909
4979	15458
80993	80507
5005	40579
5005	40836
5005	40839
5005	40840
5005	40842
5005	5005
5005	40835
5005	40855
5005	40866
5005	40868
5005	40372
5005	40382
5005	40511
5005	40525
5005	851
5005	40540
5005	40187
5005	40816
5005	40818
5005	40819
5005	40824
5005	40825
5005	40827
86341	86969
5024	5905
5024	14474
5024	5287
86969	86976
86969	86978
86969	86979
86969	86980
86969	86982
86969	86977
86969	86984
86969	86986
86969	86983
86969	86975
86969	86981
86969	86970
86969	86971
86969	86972
86969	86973
86969	86974
86969	14399
29652	29722
78810	78816
78810	78818
78810	78819
78810	78820
78810	78821
78810	78822
78810	78817
78810	78824
78810	78825
78810	78823
78810	14902
78810	78811
78810	78812
78810	78813
78810	78814
78810	78815
5352	5320
8981	8965
42232	5205
54257	40689
54258	40689
851	28310
851	40807
851	905
851	856
87031	31460
21498	856
78852	31699
78853	31699
78854	31699
78855	31699
78857	31699
78858	31699
21520	26693
856	905
856	22808
856	775
856	817
856	4574
856	914
29719	6040
29731	5560
29731	17255
5163	15458
5163	5206
5163	5410
5163	15766
5163	5380
78909	80507
78909	5988
78909	80392
78909	80904
78909	81140
78909	80315
5191	15458
5191	5380
5191	5552
5191	5905
5191	15766
5191	5287
5193	15458
5193	5380
5193	15766
5195	5905
5197	15458
5197	5995
5197	5380
5197	15766
5198	5995
9059	8719
9059	8738
9059	8394
9059	8405
9059	8408
9059	8410
9059	8411
9059	8415
9059	8417
9059	8418
9059	8423
9059	8428
9059	8429
9059	8430
9059	8436
9059	8437
9059	8443
9059	8447
9059	8448
9059	8449
9059	8452
9059	8453
9059	5928
9059	8496
9059	8518
9059	8554
9059	8555
9059	8558
9059	5359
9059	8644
9059	8663
9059	8667
9059	8702
5205	73612
5205	73613
5205	8369
5205	5320
5205	73555
5205	73614
5205	74718
54457	54437
17255	5602
17255	5560
17255	5532
54458	54437
29834	30432
54459	54437
5277	4333
5286	15458
5286	5380
5286	15766
5286	5438
5287	5380
5287	14474
5287	5293
5287	5905
5287	15766
5287	7838
5287	28576
5287	14873
5287	14026
5287	5328
5287	15458
5287	5604
5289	15458
5289	5380
5289	15766
5291	15813
5291	5905
5292	15458
5292	5380
5292	14474
5292	5905
5292	15766
5292	15768
5293	15458
5293	5380
5293	5905
5293	15766
5293	5560
5295	15458
5295	5380
5295	15754
5295	15766
5295	15768
5295	5596
5298	15458
5298	5380
5298	15759
5298	15766
5298	15612
5299	15749
5301	14474
5301	15754
5309	15458
5309	5380
5309	15766
5309	15774
5310	15458
5310	5380
5310	15766
5311	15458
5311	5380
5311	15766
5311	15741
5312	15458
5312	5380
5312	15766
5313	47936
5313	7707
5314	5539
5314	5438
5315	15458
5315	5316
5315	5380
5315	15766
5316	6111
5319	15458
5319	5380
5319	15766
5319	5438
5320	38433
5320	5350
5320	15721
5320	5321
5324	15458
5326	6040
5327	6040
5327	5496
5328	5905
5328	5552
5328	15768
5328	14474
5333	6040
54487	54437
8437	8496
5359	8965
5359	8496
5359	8969
63701	6040
5380	5381
5380	32291
5380	15458
5380	3703
5380	14474
5380	15525
5380	7644
5380	5580
5380	17161
5380	5905
5380	5987
5380	5485
5380	5519
5380	6017
5380	5510
5380	15759
5380	5526
5380	5527
5380	15774
5380	5547
5380	15791
5380	5552
5380	5534
5380	15805
5380	15813
5380	15817
5380	15820
5380	5596
5380	5603
5380	5604
5381	15458
5381	5580
5381	5552
5381	5905
5381	15766
80997	80507
54463	54437
5438	5601
5438	3750
5454	40689
5459	15724
5459	7421
5459	15126
5469	46884
5472	15458
5472	6040
54466	54437
5485	15458
5485	15766
56649	56595
5503	15458
5503	5580
5510	15458
5512	5905
5519	15458
5519	15766
5526	15458
5526	5552
5526	15766
5527	15458
5527	5905
5527	15766
5529	5905
30107	30432
5532	15458
5532	5560
5534	15458
5534	15766
5547	47936
5547	15458
5547	15766
5547	7707
5547	5905
5548	5905
5549	6040
3458	3704
5552	15766
5552	14480
5552	5604
5553	5905
5558	15458
5558	15774
5560	6017
5560	5602
5560	5560
5560	3704
30142	30432
15461	3704
15461	5905
5580	14474
5580	5905
5580	15766
5580	15458
5585	4091
8518	8496
5596	15458
5596	15766
5596	15741
5603	15458
5603	14474
5603	15766
5603	6040
5604	15458
5604	14474
5604	5905
5604	15766
5604	15768
5609	31812
5609	35431
5609	29869
5609	15768
5609	32889
46574	46848
46574	46849
46574	46850
46574	46851
46574	46852
46574	46853
46574	46854
46574	46855
46574	46856
46574	46857
46574	46865
46574	46744
46574	46649
46574	46918
46574	46949
46574	46952
46574	46827
46574	46828
46574	46829
46574	46830
46574	46575
46574	46832
46574	46833
46574	46578
46574	46835
46574	46837
46574	46838
46574	46839
46574	46841
46574	46842
46574	46843
46574	46844
46574	46845
46574	46846
46574	46847
8644	8496
8644	8965
46620	81884
54474	54437
5769	5988
33739	5905
56660	56595
3703	15458
3703	15766
3704	14474
3704	5905
3704	15484
30432	5905
30432	15646
30432	23082
30432	14514
30432	30432
30432	14052
30432	15608
30432	14334
56661	56595
3709	6040
5905	14474
5905	14480
5905	15768
5905	7838
5905	7664
5905	35250
5905	29755
5905	8129
5905	15813
5905	8177
5905	7698
56663	56595
46884	47235
5928	8496
56664	56595
54482	54437
5987	15766
5988	32436
5988	48820
5995	39707
5995	17709
5995	40442
5995	40445
3731	4091
8496	8719
8496	8738
8496	8394
8496	8405
8496	8408
8496	8410
8496	8411
8496	8415
8496	8417
8496	8418
8496	8423
8496	8428
8496	8429
8496	8430
8496	8436
8496	8443
8496	8447
8496	8448
8496	8449
8496	8452
8496	8453
8496	8496
8496	8554
8496	8555
8496	8558
8496	8667
8496	8702
6017	15458
6040	6040
6040	32291
6040	6052
6040	7882
6040	59450
6040	14474
6040	63685
6040	63687
6040	63690
6040	32084
6040	63706
6040	63722
6040	15470
6040	45050
40300	40807
54485	54437
6054	14474
40847	40807
80947	80507
8661	8965
8661	8969
81013	80507
4091	3873
4091	40411
36530	36624
78856	31699
8663	8965
8663	8969
40853	40807
14474	15760
14474	15766
14474	15768
14474	14873
14474	7838
14474	15650
14474	14480
14474	7471
14474	6587
14474	29755
14474	8129
14474	15458
8667	8965
8667	8969
63722	32436
56681	56595
56684	56595
80295	80517
80295	81894
80295	80361
80295	80559
80295	80335
80295	80443
80305	80494
80337	15916
80350	80392
80350	80350
80350	80582
80356	80315
80392	80582
80443	80315
80315	80904
80507	80897
80507	80920
80507	80944
80507	80945
80507	80946
80507	80948
80507	80950
80507	80951
80507	80952
80507	80954
80507	80955
80507	80956
80507	80957
80507	80958
80507	80960
80507	80961
80507	80962
80507	80963
80507	80966
80507	80968
80507	80969
80507	80970
80507	80972
80507	80973
80507	80975
80507	80978
80507	80981
80507	80982
80507	80983
80507	80988
80507	81002
80507	81009
80507	81010
80507	81012
80507	81014
80507	81015
80507	81016
80507	81021
80507	81022
80507	81023
80507	81024
80507	81028
80507	81030
80507	81032
80507	81034
80507	81035
80507	81036
80507	81038
80507	81039
80507	81040
80507	81041
80507	81042
80507	81044
80507	81045
80507	81046
80507	81047
80507	81048
80507	81050
80507	81051
80507	81052
80507	81053
80507	81054
80507	81056
80507	81057
80507	81058
80507	81060
80507	80570
80507	80949
80507	8103
54445	54437
55974	32889
56693	56595
80573	80695
39643	40416
31463	40313
56696	56595
54467	54437
39731	39731
39731	40877
32889	35431
32889	29869
47936	48161
47936	47944
47936	48980
47936	7707
47936	45050
47936	48863
47952	48992
47952	48993
47952	48994
47952	48995
47952	48996
47952	48982
47952	48983
47952	48984
47952	48985
47952	48986
47952	48987
47952	48988
47952	48989
47952	48990
47952	48991
47962	7707
47996	48199
48018	7707
39831	40187
39831	40228
8965	8453
8965	8979
54437	54438
54437	54439
54437	54440
54437	54441
54437	54442
54437	54443
54437	54446
54437	54447
54437	54450
54437	54451
54437	54452
54437	54453
54437	54454
54437	54455
54437	54456
54437	54462
54437	54464
54437	54465
54437	54468
54437	54469
54437	54471
54437	54472
54437	54473
54437	54475
54437	54476
54437	54477
54437	54478
54437	54479
54437	54480
54437	54481
54437	54483
54437	54484
54437	54486
48158	7707
8969	8453
15458	32291
15458	15458
15458	7838
15458	7644
15458	17161
15458	15669
15458	15742
15458	15759
15458	15766
15458	15768
15458	15791
15458	15805
15458	15813
15458	15817
15458	15820
15458	40406
56623	56595
15525	15766
40817	40807
40820	40807
40822	40807
81140	81142
81140	81141
15612	15787
15612	15741
15612	15825
15612	15759
15612	15805
15612	15774
56624	56595
56595	56598
56595	56599
56595	56600
56595	56601
56595	56602
56595	56603
56595	56604
56595	56605
56595	56607
56595	56608
56595	56609
56595	56611
56595	56614
56595	56616
56595	56617
56595	56618
56595	56619
56595	56621
56595	56625
56595	56626
56595	56627
56595	56628
56595	56630
56595	56631
56595	56632
56595	56633
56595	56634
56595	56635
56595	56637
56595	56638
56595	56639
56595	56640
56595	56641
56595	56642
56595	56643
56595	56644
56595	56645
56595	56646
56595	56647
56595	56648
56595	56651
56595	56652
56595	56654
56595	56656
56595	56657
56595	56659
56595	56665
56595	56666
56595	56668
56595	56669
56595	56670
56595	56671
56595	56672
56595	56673
56595	56674
56595	56675
56595	56676
56595	56677
56595	56678
56595	56679
56595	56680
56595	56682
56595	56683
56595	56685
56595	56686
56595	56687
56595	56688
56595	56690
56595	56692
56595	56694
56595	56695
7463	7742
17161	15766
40307	40807
15741	15774
15742	15774
15754	15774
15759	15766
15766	32291
15766	15774
15766	15791
15766	15805
15766	15813
15766	15817
15766	15820
40372	40807
40382	40807
40507	40807
40511	40807
40525	40807
40527	40807
40532	40807
40534	40807
40540	40807
40556	40807
40807	40832
40807	40833
40807	40834
40807	40835
40807	40836
40807	40837
40807	40838
40807	40839
40807	40840
40807	40842
40807	40843
40807	40844
40807	40845
40807	40846
40807	40848
40807	40849
40807	40850
40807	40851
40807	40852
40807	40854
40807	40855
40807	40856
40807	40857
40807	40858
40807	40859
40807	40860
40807	40861
40807	40862
40807	40863
40807	40864
40807	40865
40807	40866
40807	40867
40807	40868
40807	40812
40807	40819
40807	40841
40807	40808
40807	40809
40807	40810
40807	40811
40807	40813
40807	40814
40807	40815
40807	40816
40807	40818
40807	40821
40807	40823
40807	40824
40807	40825
40807	40826
40807	40827
40807	40828
40807	40829
40807	40830
40807	40831
