370 6
96 5
458 8
253 12
346 10
577 5
553 5
48 6
304 18
309 10
386 10
305 21
137 22
30 18
88 5
212 9
66 26
578 10
506 28
512 5
494 30
579 7
570 7
492 32
545 21
289 5
109 24
77 33
342 5
250 5
580 5
461 6
581 34
163 18
415 5
383 5
159 5
561 21
426 11
372 5
582 37
251 18
520 5
440 4
542 5
349 5
28 41
61 5
288 32
526 9
281 5
317 47
236 18
574 5
98 14
280 14
357 5
258 5
117 5
209 5
427 37
241 27
583 5
369 14
460 10
503 4
244 30
504 5
80 9
273 5
443 5
584 24
29 21
25 5
430 54
3 5
400 21
131 41
398 5
528 18
297 56
173 27
363 4
233 42
145 5
294 57
151 5
525 10
412 10
425 5
585 24
586 7
284 58
575 10
402 31
134 21
332 60
245 5
262 21
587 34
78 5
62 9
230 5
316 5
588 3
483 4
324 27
390 5
214 28
67 5
516 5
165 7
395 5
488 27
455 68
64 10
87 57
550 10
175 18
292 5
218 21
408 5
133 9
170 5
589 5
160 72
501 5
441 5
176 5
220 5
464 5
74 5
563 5
198 5
475 5
590 75
237 5
269 5
140 5
391 5
12 5
93 76
514 5
401 23
322 5
319 15
135 10
161 3
536 5
132 5
422 4
128 5
52 5
263 5
162 5
113 10
287 14
301 5
524 5
302 5
547 5
136 7
58 18
79 5
388 21
382 5
439 30
141 5
101 82
95 85
465 87
521 5
591 3
222 5
500 88
592 5
350 57
118 4
397 13
149 21
102 10
167 50
235 5
106 21
86 29
392 10
114 10
252 5
387 61
308 11
300 14
142 5
451 18
168 27
362 5
593 40
312 61
20 18
144 5
538 5
594 24
478 5
471 5
424 5
201 97
196 5
278 5
470 99
463 10
595 24
195 5
558 5
476 5
487 21
540 7
358 104
57 81
596 5
267 5
69 5
597 30
127 21
231 5
11 21
572 5
108 5
399 5
448 46
544 5
598 5
6 5
100 5
206 4
599 5
330 87
385 5
600 5
384 5
416 21
239 21
601 4
123 110
323 38
377 112
221 94
446 21
157 10
431 114
551 5
565 5
285 5
602 5
208 117
315 5
112 5
517 5
603 24
194 38
562 5
199 5
481 4
457 5
462 5
530 27
604 5
45 10
534 5
84 4
434 5
26 27
505 14
272 0
321 5
566 94
421 122
158 5
290 125
409 5
36 5
299 5
605 7
606 7
607 5
608 5
282 7
609 5
610 5
611 5
612 43
333 5
613 10
413 5
479 5
614 5
82 5
473 5
468 122
186 5
219 5
97 5
200 28
490 5
615 18
616 5
63 3
532 11
190 5
576 10
266 9
177 142
210 4
283 21
347 5
37 5
336 21
617 19
367 143
344 21
335 5
307 10
618 37
268 5
242 5
360 5
493 5
560 21
189 4
423 30
228 36
486 21
318 5
435 5
482 10
54 5
619 9
81 6
345 5
191 152
420 41
396 5
418 5
50 10
232 5
620 155
59 156
450 21
621 24
622 28
215 5
1 157
260 5
27 5
31 4
246 5
256 5
225 5
433 5
623 5
115 5
404 5
624 30
625 5
184 5
16 83
264 28
626 7
381 5
154 10
436 5
192 5
564 5
364 5
627 5
295 5
628 42
174 21
629 5
44 11
630 10
119 94
523 46
414 5
631 21
39 165
632 160
633 9
22 5
35 5
634 7
270 11
635 155
498 5
636 19
507 172
217 10
637 174
2 108
181 5
139 5
638 163
509 5
533 5
60 122
361 179
639 10
640 181
223 5
641 7
331 5
120 5
642 163
379 5
643 163
329 5
353 5
410 5
499 10
293 29
286 5
51 5
438 5
407 188
474 5
472 5
105 189
644 163
549 5
645 9
646 190
647 5
155 5
497 191
355 5
535 21
356 5
75 193
92 5
648 9
567 5
21 5
432 10
15 38
569 4
224 5
649 163
279 114
557 5
650 196
651 5
53 21
68 5
7 5
652 24
338 5
653 198
254 5
13 5
178 5
40 5
654 30
275 5
179 28
296 10
571 5
428 18
94 205
354 5
103 5
125 5
265 5
539 114
573 57
240 208
55 5
197 114
655 87
546 210
271 211
656 5
429 21
657 122
658 30
452 212
659 196
89 5
485 5
248 215
193 5
660 9
411 42
17 28
341 28
18 0
71 168
661 218
495 5
662 5
663 10
14 142
527 5
664 205
554 9
0 5
665 224
666 5
153 5
259 5
667 227
180 5
668 15
669 228
211 54
298 9
670 10
65 5
276 5
671 5
672 229
389 5
673 10
4 5
555 5
156 5
104 5
674 30
23 5
675 110
568 145
314 13
676 232
227 5
677 97
678 10
679 5
559 7
291 5
680 234
116 5
202 5
681 75
682 9
543 5
683 15
684 10
148 5
685 5
456 5
226 5
686 5
687 5
406 5
32 5
207 222
459 5
688 30
689 196
477 240
690 9
90 5
691 27
378 5
692 5
325 53
351 5
693 5
518 5
10 5
694 5
695 9
696 241
213 5
697 21
111 5
698 5
247 36
326 5
166 5
306 5
9 122
511 10
124 5
447 5
699 3
188 21
700 9
343 5
529 247
374 248
701 249
122 250
205 5
702 10
146 5
449 97
552 5
703 5
110 28
150 5
203 5
704 3
705 9
706 143
41 7
707 145
708 228
709 30
334 7
47 5
710 10
711 27
712 27
467 5
713 30
129 21
714 5
715 18
716 163
274 5
717 5
403 5
718 10
152 7
719 5
313 5
720 10
444 5
513 5
484 81
721 30
42 21
722 37
376 5
723 10
454 5
724 15
725 5
726 45
727 10
728 10
147 18
729 9
138 5
730 53
731 9
732 9
257 5
733 9
734 30
735 9
38 34
515 259
337 5
121 5
736 9
234 5
737 5
738 27
99 5
739 256
740 27
394 122
453 5
741 260
368 5
742 21
243 5
73 5
743 5
744 9
238 7
745 9
746 9
747 5
489 5
348 5
748 10
749 190
340 34
750 9
751 10
752 9
753 5
754 9
755 262
756 5
757 5
204 5
758 264
759 30
760 27
761 19
762 10
763 163
764 30
522 61
765 5
766 5
417 267
767 3
768 30
769 19
770 97
771 5
772 30
405 5
339 5
773 4
774 9
775 7
776 38
777 9
778 14
445 5
466 5
491 5
164 5
72 5
779 10
5 10
780 205
781 9
442 5
782 5
303 5
783 94
8 5
784 9
320 273
785 274
786 94
130 5
787 30
43 5
49 5
788 228
789 4
790 3
126 10
541 5
791 81
480 5
792 10
793 5
794 10
795 30
796 10
797 277
798 21
502 5
799 9
800 5
801 5
249 5
169 5
802 279
803 280
91 5
352 53
804 9
805 229
806 5
807 10
808 19
809 282
810 10
85 36
811 21
812 5
813 37
814 21
70 5
815 9
419 4
816 53
107 5
817 5
216 5
818 5
819 9
820 61
183 54
821 19
375 5
822 139
185 5
823 284
824 30
825 285
826 286
827 28
828 37
829 19
830 288
831 252
832 5
833 10
34 5
834 5
359 5
835 28
508 5
328 10
261 5
277 5
836 5
837 10
838 279
839 5
840 10
76 36
841 5
311 292
373 5
24 5
171 5
366 5
46 5
842 4
843 75
844 9
496 293
845 24
182 5
846 163
229 157
847 295
537 5
848 190
849 10
850 5
851 21
469 5
852 277
853 5
56 207
854 28
855 7
856 9
857 10
548 5
858 5
859 30
860 28
861 5
862 5
863 28
437 5
864 9
865 94
866 155
867 10
868 299
869 300
870 301
871 97
872 24
255 5
873 10
874 163
875 302
876 174
510 5
877 303
878 9
879 50
143 5
880 3
881 10
882 9
883 141
884 9
83 5
19 5
885 305
886 9
887 5
888 18
889 306
890 307
393 5
891 10
892 37
893 5
894 5
895 309
896 9
897 10
898 9
899 279
900 24
187 5
371 5
901 5
902 5
903 37
904 24
905 75
906 160
907 312
908 223
909 313
910 5
327 5
519 5
556 5
911 5
912 3
913 314
914 27
915 5
916 315
917 5
918 10
919 259
920 10
921 5
380 5
922 75
923 10
924 97
925 5
926 7
927 9
928 278
929 97
930 10
931 9
932 28
933 317
934 318
935 30
936 10
937 5
938 319
939 10
940 320
941 30
531 291
942 279
943 321
944 223
945 9
946 97
947 75
948 223
949 5
950 313
951 10
952 323
953 319
954 5
955 97
33 5
956 10
957 313
958 259
959 324
960 9
961 223
962 7
963 5
964 37
965 9
966 37
310 5
967 75
968 5
969 108
970 326
971 30
972 45
973 10
365 288
172 97
974 5
975 27
976 5
977 10
978 5
979 10
980 327
981 328
982 5
983 331
984 332
985 10
986 5
987 5
988 333
